1 1 1 1 2
1 1 1 1 1
1 1 1 1 1
1 1 1 3 4
4 5 6 7 8
8 7 9 6 0
7 7 7 10 6
11 12 7 13 7
7 11 12 6 6
7 4 14 7 14
6 15 16 0 0
16 17 18 19 20
16 18 18 24 21
22 23 24 0 25
17 20 17 32 17
20 17 30 26 26
26 0 19 19 20
27 28 0 29 30
17 0 30 23 21
31 32 33 25 25
34 0 328 35 35
19 19 26 0 36
16 32 24 18 22
37 0 0 17 29
24 37 0 38 22
35 35 18 36 23
23 17 0 17 30
22 22 0 0 46
0 0 0 0 0
0 0 32 22 18
18 18 18 18 18
18 17 17 18 23
21 157 21 0 21
38 38 38 39 17
39 20 40 24 37
20 27 27 27 40
40 40 22 22 39
24 32 32 24 19
19 19 26 41 41
42 41 19 41 0
17 0 0 19 17
17 15 32 28 28
28 28 28 23 0
27 18 18 18 27
40 16 16 43 29
29 17 17 17 21
16 16 16 16 16
16 16 16 16 0
34 44 29 29 31
36 36 25 15 15
15 168 17 17 20
20 44 26 202 0
18 0 31 33 45
45 45 45 45 45
45 45 46 45 45
47 45 46 45 48
45 45 45 45 49
45 45 45 45 45
46 45 45 46 45
45 45 45 45 45
46 45 46 45 45
45 45 45 50 46
48 48 48 45 48
45 50 48 48 0
48 48 45 45 45
45 45 45 45 45
45 45 46 45 45
51 51 46 45 0
45 45 45 45 48
45 45 45 45 45
50 0 46 49 46
46 46 47 7 9
45 0 0 52 53
142 0 53 54 0
52 0 45 45 46
46 46 45 45 45
55 45 45 56 45
45 45 56 45 45
45 45 45 45 45
45 45 45 45 45
45 45 45 55 45
45 45 45 45 45
45 45 45 45 45
45 45 45 45 45
45 45 45 45 45
45 45 45 45 57
45 45 56 58 45
45 45 45 45 59
45 45 45 57 55
57 45 45 55 45
45 45 45 45 45
45 45 45 45 45
45 56 59 45 45
45 45 45 45 45
58 58 45 59 45
45 45 56 45 45
45 58 45 45 45
45 45 56 45 45
45 45 45 45 45
56 59 59 59 59
45 56 56 45 45
45 45 45 45 58
55 60 45 45 45
45 45 45 45 45
45 45 45 45 9
14 7 7 6 6
7 7 61 62 7
62 7 7 7 12
7 7 7 6 6
6 6 61 7 7
6 63 12 7 9
6 6 6 6 6
6 6 6 6 6
9 9 64 9 7
7 12 61 7 7
14 14 7 6 6
7 7 12 7 7
6 57 45 56 56
45 45 56 55 56
56 56 45 56 56
56 56 45 45 49
49 45 49 0 49
49 49 58 56 45
45 55 45 45 45
45 45 56 45 57
45 45 45 45 45
45 45 45 45 45
45 45 45 45 45
45 45 45 45 45
45 45 45 45 45
45 45 46 45 45
45 45 45 45 45
45 45 45 45 45
45 45 45 45 45
45 46 45 45 45
45 45 45 45 45
45 45 45 45 1
0 1 65 45 1
1 0 66 9 10
7 10 7 67 7
9 0 8 8 9
9 5 5 5 5
5 68 0 7 7
7 70 45 45 0
60 60 45 45 69
60 45 45 45 65
65 65 65 0 45
7 7 7 67 9
70 7 8 7 7
9 8 8 9 0
0 7 70 45 0
0 45 45 45 45
45 45 45 45 45
45 45 45 45 55
45 58 45 45 58
45 45 45 45 45
45 45 71 55 45
45 45 45 45 45
45 45 45 45 45
45 45 56 45 45
57 45 45 45 58
45 45 55 45 45
45 45 45 45 45
71 71 71 71 71
71 45 56 45 45
45 45 56 0 19
53 72 73 34 32
0 74 74 164 17
73 75 75 76 52
77 0 0 78 0
32 32 18 110 53
298 24 0 95 0
79 0 0 80 0
53 77 0 81 0
82 53 18 83 44
44 44 44 82 82
84 85 85 86 87
78 88 18 89 81
241 241 0 0 76
78 76 79 90 90
37 73 53 53 0
75 91 32 0 92
0 0 93 94 94
94 0 22 95 72
18 18 40 40 96
97 97 98 18 99
100 0 0 0 19
19 19 88 88 0
101 102 18 103 41
0 0 28 312 273
76 104 74 0 18
105 0 199 314 74
18 106 107 105 52
18 108 53 94 76
109 109 0 143 53
53 110 0 89 111
0 26 26 111 106
32 32 106 112 102
82 82 0 78 78
82 113 45 45 45
45 57 45 45 45
45 45 45 45 45
45 45 45 46 71
57 71 71 45 45
45 45 45 45 45
45 45 45 45 45
45 45 45 45 45
45 0 45 45 45
45 45 45 45 45
45 45 45 57 57
45 114 45 115 45
45 45 57 45 45
45 45 45 45 45
45 45 45 71 45
45 58 45 45 45
45 45 45 45 45
45 45 45 45 45
59 45 45 45 58
45 45 57 45 45
45 45 45 45 45
45 45 45 45 45
45 45 45 58 45
45 45 45 45 45
45 58 45 45 45
45 116 117 117 1
1 117 1 1 1
1 1 45 48 47
71 48 45 45 45
45 48 48 60 118
48 45 48 48 48
48 48 45 45 45
45 47 48 48 45
48 48 71 45 47
45 114 45 45 45
45 45 45 45 45
56 56 56 45 57
45 45 45 45 45
45 71 45 45 45
49 45 45 45 45
56 56 56 45 45
45 45 45 45 45
45 45 45 45 45
292 338 27 331 131
111 45 45 45 45
45 45 45 45 45
45 45 45 45 45
45 45 45 45 45
45 56 45 45 45
45 45 56 56 57
57 45 45 56 45
56 45 45 56 45
45 45 45 56 45
56 45 45 45 45
45 56 56 71 56
45 45 45 45 45
45 45 45 45 6
14 66 6 63 14
7 6 6 6 45
63 7 7 7 6
6 6 6 7 7
7 9 7 119 119
120 14 45 56 333
45 121 45 45 56
45 45 45 45 45
55 58 45 45 57
58 45 45 55 45
45 45 45 45 333
45 45 45 45 45
45 45 45 45 45
45 45 56 71 58
58 45 55 45 55
45 45 45 45 45
45 45 45 58 45
24 24 27 0 0
72 45 45 45 45
45 45 45 45 45
7 7 12 0 44
17 42 50 46 0
37 0 37 122 27
19 22 95 0 17
20 15 0 21 21
21 21 44 16 23
23 45 46 45 45
45 48 45 0 45
48 45 0 45 45
45 45 218 45 45
45 45 45 45 45
45 45 57 57 45
45 57 45 45 45
56 45 45 45 45
45 45 45 45 0
45 45 45 56 45
57 45 45 45 45
45 57 57 45 45
45 45 45 45 45
45 45 45 45 60
45 45 56 45 65
45 48 57 71 48
60 48 60 116 56
45 45 60 57 45
48 55 45 45 56
55 60 48 45 45
45 56 56 48 56
57 123 57 71 45
48 48 48 45 45
45 45 45 45 45
45 55 48 45 56
56 45 45 45 57
57 56 45 56 56
56 45 45 57 45
45 45 45 45 45
45 55 45 45 45
45 45 57 56 45
45 45 45 45 45
45 56 56 57 45
45 45 45 45 45
56 45 45 45 45
49 45 45 45 45
45 45 45 9 7
6 6 6 6 119
66 0 45 330 45
45 45 56 45 45
45 121 45 45 231
48 45 45 45 45
45 55 45 45 45
45 45 45 45 45
45 45 45 45 55
45 56 45 45 45
45 45 45 45 45
45 55 45 45 55
45 45 45 45 45
45 45 45 45 45
45 45 45 45 55
55 45 45 45 45
45 45 45 45 45
45 45 45 45 45
45 45 45 56 45
45 45 45 45 45
45 45 45 45 60
45 45 45 45 45
45 45 45 45 45
45 45 45 45 45
45 45 45 45 45
116 116 116 55 45
45 45 45 45 55
56 45 45 45 45
45 124 45 45 45
45 45 45 45 45
58 124 45 124 45
45 45 45 45 45
45 45 45 71 45
45 58 45 45 45
71 45 45 45 45
45 45 71 45 45
45 45 58 45 45
45 45 71 45 45
45 45 45 45 45
45 56 45 45 45
56 45 45 45 45
45 45 58 116 116
45 125 45 45 45
45 124 45 45 45
45 57 45 45 45
45 45 45 45 45
58 45 45 45 45
45 45 45 57 45
45 45 45 45 56
45 57 57 45 45
45 124 45 56 45
124 45 45 45 45
56 45 45 45 45
45 45 48 0 1
65 1 65 7 6
6 64 14 66 6
12 14 7 7 7
12 61 61 61 64
64 64 6 63 9
7 13 7 7 66
63 62 7 6 7
7 7 7 7 14
14 64 64 64 7
7 31 18 27 18
44 315 35 44 126
18 43 127 127 44
83 128 22 96 194
0 129 130 131 132
42 18 35 133 22
133 133 133 18 17
22 22 35 0 35
22 22 17 17 134
83 93 103 44 83
44 132 31 331 126
131 131 18 18 132
45 45 57 46 45
46 48 135 45 45
45 45 45 45 48
45 45 45 48 48
45 45 45 45 136
46 46 45 45 7
7 7 12 220 127
0 98 137 98 0
0 127 220 215 335
138 89 139 72 111
127 46 48 46 48
48 45 45 45 0
46 46 46 45 45
47 45 48 47 47
47 45 60 48 48
47 60 45 45 45
47 47 45 47 45
47 48 114 60 45
45 57 47 45 60
48 45 45 47 114
48 60 48 48 45
48 48 48 48 48
118 118 57 118 57
45 48 60 60 48
48 57 45 57 7
14 7 7 7 14
7 7 7 7 7
7 7 7 7 7
14 45 60 45 48
47 56 45 114 56
47 45 60 114 57
114 114 57 45 56
45 45 60 56 45
48 60 56 45 0
45 45 0 56 45
45 45 47 57 56
48 48 57 114 45
45 47 45 47 57
45 45 48 45 57
60 45 45 45 45
45 45 60 56 45
45 45 45 45 45
45 45 45 45 45
45 56 45 45 45
45 45 45 45 45
45 45 45 45 45
45 60 45 45 45
45 45 45 45 45
47 47 48 114 47
45 45 45 45 45
45 45 45 45 45
45 45 45 45 45
45 45 45 45 56
45 45 45 45 45
45 45 45 45 45
45 45 45 45 45
45 45 45 45 45
45 45 45 45 45
45 45 45 45 45
45 45 45 57 60
60 45 60 57 47
57 45 48 47 47
57 60 47 47 47
45 45 45 47 48
1 1 62 14 7
7 120 62 14 7
64 62 68 68 64
6 120 7 66 199
39 138 22 0 16
16 26 27 42 0
140 18 138 18 39
39 141 0 142 29
133 126 126 143 143
92 0 0 132 142
142 144 18 45 45
46 46 45 45 45
0 48 0 45 56
56 45 45 48 48
69 45 45 45 45
45 45 45 45 45
55 45 45 124 45
45 45 45 45 45
45 45 57 58 58
45 124 124 45 45
45 45 45 45 45
45 45 57 45 45
45 45 45 45 45
45 45 45 45 45
45 65 65 65 65
14 14 29 20 17
16 20 143 35 29
0 17 29 17 17
35 20 0 45 45
46 45 45 69 69
45 45 69 45 46
51 45 65 1 1
1 1 1 1 1
7 7 7 68 68
8 22 22 22 27
27 22 22 22 45
45 231 46 45 45
45 45 45 231 46
56 69 45 45 48
46 46 69 56 45
60 60 45 45 45
45 45 45 56 56
45 45 45 45 45
45 45 45 45 45
45 45 45 45 45
55 55 56 57 57
57 45 45 45 45
45 56 45 55 45
45 45 45 56 45
45 45 58 45 45
57 57 48 45 48
47 48 57 45 45
45 47 57 105 145
0 96 91 155 146
0 147 78 91 190
242 148 0 149 0
150 103 78 89 83
72 24 19 151 16
0 318 152 137 87
0 78 153 78 18
0 154 155 75 78
154 0 152 152 156
159 96 0 0 272
154 154 156 18 0
18 157 195 323 78
158 102 170 0 159
160 154 161 78 78
78 162 24 163 196
0 24 0 0 286
164 165 77 164 18
18 18 18 153 18
329 166 171 0 0
0 88 88 25 25
0 167 168 0 78
78 147 77 18 102
102 109 78 89 169
78 130 78 240 78
170 24 0 18 18
18 153 112 112 24
89 171 0 321 106
0 94 94 0 100
172 152 104 89 89
0 24 32 32 32
32 173 174 89 89
89 175 89 89 175
0 0 233 149 176
177 98 178 76 179
177 0 0 180 83
83 83 181 97 72
0 32 32 32 0
0 98 0 0 182
52 0 72 154 156
75 75 103 103 96
88 86 86 253 183
16 16 0 184 185
163 18 18 186 186
105 0 335 24 102
187 188 210 189 18
0 111 0 77 0
24 126 150 34 190
78 80 78 126 80
18 191 192 192 305
190 263 145 145 18
153 72 18 0 19
45 45 6 120 62
66 7 6 7 62
62 62 7 66 18
193 98 18 0 179
0 191 155 18 16
265 0 16 194 53
16 176 30 24 152
164 164 16 18 195
164 16 0 24 164
176 199 0 227 164
22 89 30 30 179
179 195 34 165 102
0 24 196 196 194
0 164 76 0 178
0 76 22 197 18
30 73 18 24 102
24 24 24 18 98
34 18 18 18 18
18 18 18 18 0
195 76 195 198 111
175 139 0 194 102
34 152 18 18 18
0 198 199 0 29
29 0 17 0 176
200 76 76 111 0
201 111 152 198 165
76 53 16 16 202
16 56 45 45 45
45 45 56 45 45
45 45 0 45 45
45 45 45 45 45
45 45 45 45 45
45 45 45 115 45
45 45 56 45 56
45 45 45 45 45
45 45 45 45 45
45 45 45 45 45
45 45 45 45 0
45 45 45 45 45
125 45 45 45 45
45 45 45 45 45
45 45 71 45 45
45 45 45 45 45
49 45 45 45 45
45 45 45 45 45
45 45 45 45 45
45 45 45 45 58
124 45 45 45 45
45 45 45 45 45
58 45 45 45 45
45 45 45 45 45
45 45 45 58 124
45 45 45 45 45
45 45 58 45 45
45 45 45 45 45
58 58 45 45 45
45 45 45 45 45
45 203 55 45 45
45 45 56 45 45
45 45 45 55 56
56 45 45 45 45
45 45 45 45 45
203 45 45 45 45
45 45 56 56 45
55 45 56 45 45
45 60 45 56 58
58 45 45 45 45
45 45 59 60 60
45 71 45 45 45
45 45 45 71 45
45 45 60 58 55
59 59 45 45 45
45 45 45 45 45
45 45 45 45 45
45 58 45 45 45
45 45 45 45 45
45 45 45 45 45
45 45 56 45 45
45 56 56 56 45
45 45 58 58 114
114 45 60 48 45
45 114 48 60 45
45 45 45 56 56
56 45 45 45 45
45 45 45 45 48
56 56 45 124 45
45 45 45 55 56
45 71 57 58 45
45 45 45 45 45
56 45 56 45 45
45 45 45 45 45
45 45 45 45 56
56 56 56 45 45
45 45 45 45 45
56 45 45 45 45
45 45 45 45 45
56 89 75 0 197
52 107 176 53 204
89 52 106 85 75
0 164 75 0 75
0 128 53 113 0
0 164 204 178 186
164 175 154 154 154
126 106 164 126 126
89 0 53 197 78
78 0 128 128 182
0 0 205 86 78
206 154 154 156 156
156 156 154 154 128
198 154 207 208 98
130 98 107 99 178
107 107 178 127 0
0 0 127 130 206
206 0 206 206 206
75 75 158 158 209
18 18 186 106 146
210 210 210 210 126
0 75 113 0 1
1 64 14 7 64
64 67 12 63 7
6 7 14 7 7
7 16 0 22 185
37 45 135 45 45
45 55 45 48 45
45 45 45 45 45
45 45 45 56 45
57 45 48 45 45
45 45 45 45 45
71 45 45 49 56
45 45 55 45 56
56 56 56 45 45
45 45 45 45 45
58 45 45 45 45
45 58 45 0 55
58 45 45 56 55
58 45 45 45 45
57 45 45 45 57
45 71 55 57 45
45 45 56 45 45
45 45 45 55 45
55 45 45 45 45
59 59 45 45 45
45 55 45 60 56
56 45 45 56 59
45 45 116 45 45
116 45 56 45 56
56 45 55 56 56
56 45 59 59 71
45 45 45 45 45
45 45 45 45 55
45 45 45 45 58
58 45 56 124 45
45 45 56 45 45
56 45 45 45 45
45 56 55 45 45
45 45 55 55 45
45 45 45 45 45
45 45 45 45 45
45 45 45 45 45
45 71 45 71 45
45 45 45 45 59
45 45 45 45 45
45 45 45 45 45
45 56 56 59 59
56 45 45 45 45
45 45 45 56 56
45 45 45 45 49
45 45 56 56 45
45 45 45 45 45
45 45 45 45 49
56 45 45 45 45
45 71 49 45 45
55 45 56 45 56
58 58 45 45 45
45 45 45 55 58
58 125 125 45 45
45 45 45 45 45
45 45 45 45 45
45 45 45 45 45
45 45 45 56 45
45 45 45 45 45
45 45 1 1 66
7 7 14 9 14
6 7 14 9 7
68 211 7 6 6
12 12 6 12 12
7 7 7 7 7
12 61 120 7 4
12 14 14 23 212
134 187 39 72 24
27 32 213 17 39
0 187 41 24 183
72 19 32 0 163
28 163 27 214 105
31 32 31 17 24
0 142 18 212 27
18 215 0 216 19
19 187 187 32 32
216 32 105 32 0
44 28 28 19 214
98 157 217 217 0
19 38 16 105 18
45 46 45 49 45
46 45 45 45 45
45 45 48 0 55
45 45 46 45 45
45 45 49 45 45
45 46 46 45 45
57 45 48 48 56
45 45 45 48 45
45 48 136 45 56
55 330 45 55 56
56 56 56 56 56
57 45 45 136 136
48 45 45 0 45
45 69 45 45 45
45 45 45 45 45
45 45 45 45 45
45 136 45 45 46
46 330 45 45 45
45 45 45 45 45
45 45 51 45 45
45 45 46 56 56
45 1 45 45 45
57 45 58 45 45
45 45 56 45 45
45 45 45 57 45
45 124 45 124 45
45 45 45 45 56
56 60 45 58 45
45 45 45 45 45
57 45 45 45 59
45 56 45 45 45
45 45 45 45 45
45 45 56 45 45
45 45 45 45 45
45 45 59 56 45
45 45 45 45 45
116 45 48 48 47
114 118 45 45 45
47 57 114 114 114
45 60 60 114 48
48 45 47 57 57
114 47 47 47 47
48 57 60 60 45
60 60 47 45 47
45 47 57 57 47
57 57 47 47 57
57 60 45 60 60
114 114 57 60 48
47 47 60 60 57
57 57 57 60 45
114 60 47 57 114
57 47 47 114 47
45 47 47 47 47
45 45 47 47 114
45 47 45 45 114
45 60 45 47 45
45 45 45 45 45
47 47 45 47 7
4 7 6 7 13
13 14 7 7 7
6 14 211 4 7
64 7 5 14 64
7 14 7 7 211
7 5 5 5 9
9 9 7 14 6
7 64 7 7 7
64 7 13 6 6
6 4 7 7 6
4 45 45 45 45
45 45 45 45 333
45 45 45 21 37
37 111 275 45 45
45 45 121 45 45
45 45 45 45 17
1 228 1 1 1
1 1 1 1 1
8 0 8 0 7
17 48 46 45 48
45 218 2 219 219
14 14 14 14 14
14 7 14 14 7
60 47 45 57 60
47 45 48 60 47
47 48 45 45 45
45 45 45 57 0
56 55 55 45 45
45 45 45 57 56
60 45 55 45 45
45 56 45 45 60
45 45 45 125 45
56 45 45 45 45
45 45 55 45 45
45 57 57 45 45
45 57 45 56 1
1 1 1 1 48
48 48 135 48 135
135 48 48 0 51
0 22 72 220 92
22 22 22 83 72
0 133 0 327 161
161 161 31 17 0
31 46 45 46 45
45 45 45 45 49
46 45 45 45 45
45 45 0 45 45
45 0 45 45 45
46 45 48 45 45
45 3 45 9 7
7 13 7 7 3
1 3 0 1 228
1 1 1 1 1
1 1 0 1 1
0 1 1 64 14
7 7 14 6 12
7 14 14 6 6
6 6 6 14 14
14 7 64 12 61
64 64 14 14 6
14 0 14 14 7
7 7 7 7 61
7 0 7 13 68
9 68 48 45 48
48 136 45 48 45
48 48 45 72 0
16 125 125 56 0
115 220 220 0 0
0 0 115 221 45
45 221 45 221 221
45 0 0 45 45
221 45 221 45 9
9 7 9 7 19
23 31 35 22 22
0 22 41 31 23
35 0 35 16 46
45 45 48 45 45
46 45 45 45 45
1 1 1 68 222
7 7 68 7 7
9 14 6 7 63
9 7 9 7 7
7 7 6 6 66
7 98 16 208 187
31 32 147 104 0
0 130 29 98 265
33 155 223 155 0
0 31 0 160 94
224 34 22 178 41
178 223 98 76 21
76 210 0 147 0
31 22 22 215 83
152 17 225 142 23
16 16 29 16 16
32 210 20 143 175
48 45 49 45 49
45 69 48 48 45
45 45 48 46 45
1 1 1 227 226
227 31 92 92 92
115 151 0 0 134
37 161 161 28 45
45 45 45 45 45
115 1 9 72 23
23 1 1 1 1
1 1 1 1 1
1 12 7 12 7
4 7 4 7 12
12 7 64 4 68
68 7 7 4 12
14 7 7 7 64
12 14 14 7 14
14 14 1 0 1
14 14 64 14 14
1 228 1 1 1
228 0 1 1 1
1 1 1 7 14
14 14 7 14 12
14 0 14 14 14
7 7 0 8 7
8 14 14 7 9
14 12 14 14 10
14 14 136 48 48
1 7 9 9 211
7 7 9 48 45
57 60 47 114 57
57 60 57 47 45
60 60 60 45 45
45 60 45 45 118
57 47 48 60 45
45 45 45 118 57
57 57 57 45 45
47 47 57 45 45
45 45 60 47 47
47 45 45 45 47
47 45 47 45 45
57 45 45 45 57
57 45 45 47 45
47 57 60 47 60
45 47 47 45 45
60 60 47 57 57
45 45 45 47 47
57 45 57 57 57
57 45 45 57 45
114 47 47 47 47
47 47 45 57 45
1 1 1 1 1
1 1 1 1 1
1 1 1 1 7
7 7 7 7 14
7 7 7 8 7
7 7 7 9 9
7 7 120 7 7
7 7 66 7 66
14 14 14 48 45
45 56 45 45 49
47 45 45 45 45
45 45 45 45 45
114 48 47 45 49
45 47 56 56 48
47 45 45 45 45
45 45 45 0 45
45 45 45 49 49
45 47 47 114 47
45 57 114 45 45
60 57 47 60 114
60 60 45 45 60
45 60 60 45 60
45 57 45 45 60
45 47 60 60 60
47 60 118 47 114
47 60 57 47 47
60 57 118 118 45
47 45 45 57 45
45 45 118 45 47
118 47 47 118 47
47 47 47 47 45
45 45 60 60 60
45 47 47 45 45
47 47 45 60 47
45 47 47 47 47
47 60 114 45 47
45 45 45 45 57
114 45 47 47 47
60 45 45 60 45
57 57 57 1 1
1 1 1 1 1
1 1 1 1 1
1 1 1 1 1
65 1 3 7 9
7 7 7 7 8
9 7 7 9 9
7 229 229 9 17
27 19 22 29 27
0 133 31 16 27
22 22 27 39 29
28 17 0 131 131
17 17 0 0 28
28 22 0 28 230
0 42 42 16 16
31 16 31 31 16
45 60 48 45 47
45 57 45 57 57
46 45 45 45 45
47 45 69 45 60
45 45 45 45 47
46 45 136 45 45
47 60 47 56 47
57 60 57 231 45
48 231 45 48 48
45 45 45 45 45
45 48 48 45 45
45 45 59 45 45
114 45 46 46 46
46 46 55 48 45
45 45 45 45 45
48 45 45 69 45
45 45 45 48 45
45 45 45 45 48
136 114 48 45 45
47 47 47 47 48
48 48 45 48 48
48 47 47 45 45
57 114 47 57 118
45 57 57 47 118
47 60 60 47 60
47 60 45 45 45
114 47 60 114 57
45 57 45 57 45
45 47 57 45 47
45 57 60 47 57
57 47 47 60 47
57 57 57 60 45
60 57 57 45 47
47 60 60 57 57
45 45 57 60 57
47 47 57 45 45
57 47 47 47 47
48 60 47 47 60
45 45 60 45 114
47 57 57 45 45
114 47 57 47 47
45 47 47 57 57
57 57 57 45 45
57 57 114 47 114
57 45 114 47 47
47 114 47 47 45
47 45 57 57 45
45 57 57 45 114
48 60 47 45 45
45 45 60 47 47
47 47 60 47 57
60 45 45 48 45
68 9 8 9 7
68 9 9 7 28
16 0 37 42 28
17 132 22 141 29
0 17 220 220 83
143 56 45 60 45
203 203 45 114 45
45 45 47 60 218
49 49 114 7 14
7 6 18 133 16
18 18 47 47 45
0 48 48 116 48
48 48 58 47 7
62 6 6 6 6
6 6 119 66 7
6 62 7 9 9
9 9 9 7 62
7 7 7 7 7
7 9 6 6 6
6 6 6 119 7
56 121 136 48 45
45 45 45 47 60
60 47 60 60 57
57 57 57 45 60
48 47 45 57 45
45 57 45 114 57
45 57 47 60 57
57 47 60 60 60
57 45 60 60 60
60 60 60 60 60
60 57 47 57 60
60 60 57 57 57
60 60 57 60 60
47 60 60 60 60
57 45 45 60 60
57 27 27 45 45
45 45 45 60 45
45 48 45 45 60
45 45 45 47 48
45 60 56 45 45
45 45 60 60 60
45 45 45 45 45
45 56 56 45 60
45 45 45 45 45
45 45 45 45 45
45 45 56 59 45
45 60 45 45 56
60 45 45 45 45
45 60 59 45 45
56 56 56 56 60
45 45 60 45 45
45 45 45 59 45
45 45 45 60 60
60 45 58 58 45
45 45 45 45 60
45 47 47 45 48
57 45 118 57 45
57 57 45 114 47
57 45 60 114 60
60 47 47 57 57
114 57 45 48 45
48 45 45 45 45
57 47 48 45 57
45 45 45 48 48
47 47 47 60 60
47 45 45 45 48
60 45 45 45 60
45 60 60 60 60
60 60 45 45 60
47 45 45 45 60
45 45 60 48 48
60 45 45 45 45
45 45 55 45 45
45 45 45 45 45
45 45 45 45 45
45 45 45 60 55
45 45 45 45 45
45 45 45 47 45
47 47 60 47 45
45 45 45 45 45
57 60 47 60 60
57 45 60 57 57
45 45 45 47 60
60 57 57 57 57
45 60 60 60 57
45 47 60 45 60
47 47 57 118 60
60 45 47 45 45
45 47 47 45 47
47 60 47 47 47
45 47 47 47 47
45 45 45 45 45
47 45 45 60 45
60 47 60 60 45
45 60 114 48 57
45 48 60 47 57
48 47 60 47 45
45 45 45 45 45
118 48 45 47 114
45 47 47 57 60
118 60 60 60 45
114 114 114 57 47
47 45 60 47 57
45 45 47 47 57
47 47 57 114 114
45 45 118 48 45
48 45 114 47 47
45 45 48 47 47
60 47 47 60 48
48 45 114 45 47
48 45 47 47 47
47 47 57 57 47
47 45 47 57 60
60 57 57 57 57
57 45 45 57 45
45 60 47 60 48
45 47 47 47 47
47 60 60 114 47
57 45 45 45 45
47 47 47 47 45
45 45 57 45 45
47 47 47 48 57
45 45 48 48 48
114 45 48 118 45
45 45 48 48 47
45 114 48 47 47
57 57 48 47 45
45 47 47 45 45
48 47 45 47 47
118 118 47 47 47
45 47 118 114 47
114 114 47 47 57
47 47 45 47 47
45 45 57 57 45
45 114 114 47 45
47 45 47 57 47
47 118 57 45 45
45 45 45 57 45
47 45 47 47 47
47 45 45 45 45
45 45 57 57 1
1 1 17 0 17
134 17 51 0 45
45 48 48 48 45
45 45 48 48 48
45 48 48 48 46
45 48 45 51 46
46 46 7 7 56
45 136 0 45 45
56 125 57 45 58
55 45 58 45 56
45 45 45 45 45
45 56 57 57 45
45 45 45 45 45
45 45 45 45 45
45 45 45 45 57
45 58 45 45 45
45 45 59 45 45
45 45 55 58 45
0 14 61 7 7
64 7 7 6 7
6 6 14 14 222
7 6 19 31 35
232 143 35 35 133
133 32 32 72 35
17 31 31 27 19
19 143 133 48 45
45 45 45 46 0
48 45 45 48 48
56 56 60 45 60
46 60 45 125 45
45 45 45 59 116
45 45 45 45 45
45 45 45 58 56
45 45 45 45 56
45 59 56 56 45
45 45 124 45 59
55 45 45 45 45
45 45 45 56 56
45 45 56 58 45
45 56 45 45 45
45 45 45 45 45
45 71 45 45 45
125 45 45 45 56
56 45 71 45 45
45 45 45 45 45
45 45 45 45 45
45 45 45 45 56
125 55 45 45 45
45 71 56 45 45
45 45 56 45 45
45 45 56 45 45
45 45 45 45 45
45 45 45 45 45
45 56 56 45 45
45 45 45 45 45
45 56 56 56 56
60 45 45 45 45
45 45 45 45 45
57 0 45 57 45
45 57 45 55 45
45 45 56 45 55
125 125 45 45 45
45 45 45 45 125
45 45 45 45 45
125 45 45 125 125
45 56 56 45 45
45 45 45 45 45
45 56 56 56 45
45 45 45 45 45
45 58 45 45 45
56 45 45 56 45
45 45 45 45 45
45 45 45 45 45
45 56 56 45 45
45 45 45 45 56
45 45 45 45 45
45 45 45 45 45
45 45 45 45 45
45 45 56 45 56
45 45 45 45 56
56 56 45 56 56
56 45 45 45 45
45 45 45 71 124
124 124 124 45 45
45 45 45 45 45
45 45 45 45 45
45 56 45 45 45
45 45 45 45 45
45 45 45 56 45
45 45 45 45 45
45 45 45 45 56
45 45 55 45 45
45 45 45 45 45
45 45 0 45 45
55 45 56 45 45
56 45 56 125 55
125 123 45 45 45
45 45 56 45 56
45 45 57 49 45
45 45 45 125 55
45 45 45 56 45
45 45 45 49 55
45 45 55 55 55
45 45 45 45 45
56 45 45 45 125
45 45 58 45 45
58 45 45 45 56
45 45 45 45 45
45 56 45 45 45
45 45 45 45 45
45 45 45 45 45
45 58 58 45 45
45 45 45 45 45
56 45 56 45 45
45 45 56 45 45
45 45 45 45 45
45 45 45 56 45
45 45 45 45 45
56 55 45 45 45
45 45 45 0 45
45 45 45 45 45
56 56 45 45 45
111 131 27 0 338
27 27 95 111 111
111 45 45 45 45
45 45 45 45 45
45 45 56 45 45
45 45 45 45 45
45 45 56 45 45
45 45 45 46 233
153 0 155 0 164
24 234 0 76 159
72 235 0 0 236
104 99 24 18 18
18 18 98 37 37
37 153 89 198 89
138 0 142 98 128
302 25 150 237 21
0 83 93 93 89
78 0 76 78 24
178 187 0 173 0
173 28 28 0 0
131 238 0 45 45
203 45 45 56 45
203 45 45 45 0
45 203 141 164 164
98 225 80 165 24
92 141 164 155 0
164 102 165 239 240
140 202 30 0 30
102 102 131 92 164
164 178 24 24 30
227 0 133 227 0
141 30 199 202 0
241 178 113 0 0
0 98 88 98 88
79 79 80 41 0
128 128 242 176 0
29 0 131 131 131
131 53 53 78 102
239 0 102 102 0
54 328 0 0 32
29 141 24 24 41
98 30 0 0 0
92 178 243 243 143
75 18 45 221 45
221 56 45 203 45
45 45 45 45 45
45 45 125 45 45
45 45 45 45 45
45 45 45 45 45
45 45 45 45 45
45 125 56 45 45
45 45 45 45 45
45 45 45 45 45
0 45 45 45 45
45 45 45 45 45
45 45 45 45 45
45 45 45 45 45
45 45 125 115 0
45 0 45 56 45
45 45 45 45 45
45 45 49 45 56
49 45 45 45 45
45 45 45 45 45
45 45 45 0 45
45 49 45 45 49
56 45 45 45 45
49 45 45 45 45
45 45 45 45 45
125 49 125 45 45
45 45 45 125 45
45 45 45 45 45
45 45 45 45 0
45 49 49 45 45
56 45 56 45 0
45 45 56 56 56
58 45 45 45 45
45 45 45 45 60
45 45 56 45 45
45 45 45 45 59
45 56 45 45 45
45 45 45 45 45
45 45 45 45 45
45 45 45 45 45
45 45 45 56 45
169 245 89 0 89
170 243 165 89 0
244 243 245 243 191
191 89 89 0 209
156 209 156 158 158
209 158 243 243 0
0 323 246 246 204
0 184 208 246 246
184 184 244 0 0
243 156 152 152 78
0 168 85 147 151
76 28 0 78 76
78 76 0 151 78
25 89 0 0 0
76 77 138 89 128
78 138 98 189 18
78 154 168 98 168
25 0 200 76 138
138 78 106 112 106
186 247 247 32 24
0 0 0 137 78
53 0 53 113 53
113 53 0 76 76
248 89 154 98 207
112 78 94 76 76
0 112 18 18 18
48 48 121 333 0
0 0 0 0 0
6 7 7 7 7
7 7 6 11 7
7 7 7 64 64
7 7 14 14 14
0 0 0 0 0
0 1 219 219 0
0 0 1 1 1
2 0 1 1 1
0 7 12 7 11
68 12 68 11 14
11 7 11 68 7
7 7 68 12 68
7 6 6 6 7
7 7 68 7 68
7 7 7 7 11
13 12 14 7 14
14 14 7 7 7
45 45 45 45 45
45 2 7 14 7
14 7 7 6 7
7 7 12 12 0
1 0 1 7 0
9 7 12 0 117
117 117 2 2 228
1 1 0 1 1
1 1 1 1 1
1 1 1 1 0
65 65 7 7 12
7 9 12 7 14
12 12 7 7 12
7 7 7 7 64
12 12 7 9 7
9 9 10 7 7
7 7 11 7 7
14 14 7 11 12
14 7 7 7 45
45 149 24 113 147
29 76 187 149 54
164 54 0 25 147
252 25 249 250 251
89 0 250 76 98
178 205 251 81 159
0 164 88 0 25
0 0 0 24 24
249 18 18 77 77
240 240 18 24 18
18 24 18 18 24
89 81 24 159 0
32 75 139 81 175
175 175 82 0 178
178 178 139 0 156
230 0 230 252 187
187 0 253 16 101
98 32 104 104 98
250 101 0 254 156
141 131 101 0 147
250 38 147 77 0
75 113 75 0 45
45 45 203 45 49
45 45 45 49 49
45 45 45 45 45
45 45 49 203 45
45 45 45 45 45
333 45 45 45 45
45 45 49 49 49
45 45 45 45 9
7 9 6 7 63
6 7 6 6 211
6 229 120 7 63
9 9 7 7 222
7 7 7 7 7
11 0 6 6 6
6 7 7 61 12
120 120 255 226 226
255 0 0 92 255
255 226 226 0 19
17 17 17 17 255
45 45 45 45 45
45 45 45 45 45
45 45 45 45 45
45 45 57 45 45
45 45 45 45 56
45 45 58 45 45
45 45 45 45 45
45 56 57 45 45
45 45 45 45 45
45 45 45 45 56
56 45 45 58 58
45 45 45 45 45
45 45 58 58 116
45 45 45 45 1
1 1 1 1 4
14 12 6 12 4
14 12 64 64 12
14 7 9 9 9
7 7 14 14 14
7 7 6 7 7
7 7 7 64 64
64 6 64 7 7
7 7 7 4 6
4 7 7 14 14
45 14 9 7 7
5 8 7 14 4
7 4 7 211 8
8 7 7 14 14
5 7 7 64 64
211 7 12 7 45
1 1 1 65 45
9 9 0 45 9
45 67 7 7 70
8 8 8 8 9
9 45 0 67 0
67 7 7 0 70
136 45 0 45 136
45 0 0 2 14
7 0 7 8 66
8 7 1 1 1
1 1 7 8 68
68 68 68 13 7
45 229 0 229 9
9 9 7 229 7
7 7 7 7 7
7 7 45 45 45
45 45 7 12 7
6 7 14 7 7
14 7 7 9 7
7 7 7 7 0
6 6 6 6 9
9 7 9 7 7
66 66 7 7 7
7 6 6 7 6
6 6 7 14 7
6 6 6 6 14
6 6 7 6 30
0 220 0 0 115
0 0 0 0 0
16 16 16 0 0
45 45 0 45 45
45 115 115 45 45
0 45 0 0 9
7 119 176 18 177
147 133 112 132 23
145 145 251 23 98
18 23 212 112 145
86 98 139 89 129
0 18 256 164 257
35 164 240 230 82
82 89 89 153 32
258 18 173 18 18
18 254 98 177 98
18 37 72 35 17
86 111 132 132 163
16 131 19 0 23
83 112 104 98 21
112 112 18 259 145
52 72 45 45 45
45 45 45 136 49
45 45 45 45 46
0 45 0 45 45
14 9 6 14 7
6 14 14 9 6
14 222 6 6 9
9 9 9 7 222
7 7 7 7 6
6 6 6 6 6
222 7 7 7 7
7 6 6 6 6
6 222 14 6 45
45 45 63 62 62
45 45 45 45 45
14 9 13 14 7
1 1 1 1 1
1 1 1 45 45
45 2 64 9 7
11 211 7 45 7
7 7 14 14 64
7 4 4 7 8
9 9 14 45 6
7 7 4 64 64
7 7 7 7 7
4 7 45 14 7
8 4 7 9 9
13 9 14 14 211
6 14 14 68 14
68 6 45 45 7
7 7 7 11 7
12 13 64 4 7
7 7 7 7 7
7 4 6 7 0
0 0 0 141 49
45 48 49 45 45
45 45 45 48 45
45 45 45 45 48
136 45 45 45 45
0 48 49 0 45
45 45 136 136 49
62 4 62 6 7
7 6 6 6 6
7 12 7 6 6
62 62 45 45 45
45 45 62 14 14
45 62 62 119 14
14 7 111 39 35
22 45 45 45 45
45 45 45 45 45
9 7 7 14 1
1 1 65 1 1
2 1 1 1 1
1 1 1 1 65
1 1 1 0 2
14 14 7 14 7
4 5 68 11 64
7 7 4 7 9
68 6 7 7 7
7 7 7 9 9
9 8 4 8 9
68 13 9 7 7
7 6 12 64 66
7 4 7 7 7
7 11 11 12 14
18 133 22 27 37
77 22 90 31 16
37 24 24 27 16
16 37 37 22 251
18 131 17 147 22
98 95 0 142 147
250 37 18 18 31
0 30 0 45 45
46 45 45 45 45
45 45 45 45 45
45 45 45 45 45
45 45 45 45 45
45 45 45 45 218
45 45 135 135 45
69 69 45 45 45
45 45 45 45 45
45 45 48 45 45
49 49 45 45 48
45 9 7 7 7
7 7 68 68 0
7 7 7 7 7
6 7 7 6 7
0 7 7 7 6
6 6 6 7 7
7 14 14 7 7
6 6 6 6 6
7 7 7 7 7
7 7 7 7 7
7 1 7 64 6
6 64 7 14 14
7 7 7 22 22
22 260 22 45 45
45 45 14 12 6
45 7 66 7 12
12 64 64 64 64
14 14 11 0 10
7 6 7 4 4
7 7 45 45 45
48 125 45 48 48
48 125 45 48 48
48 45 48 45 45
56 14 14 12 7
12 7 10 7 14
14 14 14 14 0
7 12 120 7 7
64 6 12 7 12
12 7 6 6 14
14 14 14 14 14
45 45 45 45 45
45 45 45 14 7
12 7 14 14 7
7 12 0 152 0
261 262 263 208 83
40 155 0 192 0
244 128 172 18 172
0 264 80 83 244
301 0 190 0 201
0 80 264 130 0
268 130 80 91 96
265 266 272 83 0
267 262 24 34 32
0 267 268 267 267
93 100 126 80 79
0 180 152 274 0
262 172 32 126 0
18 180 180 100 100
201 156 18 174 18
18 267 126 18 96
96 96 96 96 96
103 103 103 96 96
156 156 156 156 195
269 269 103 201 270
270 0 201 192 0
271 261 243 271 261
261 243 18 152 0
0 172 0 0 172
18 18 18 172 0
152 0 208 103 103
172 152 152 103 83
83 83 83 83 0
24 0 0 0 0
208 208 34 177 0
0 177 177 293 272
265 194 0 284 273
274 0 238 80 91
190 270 83 0 96
264 152 0 155 0
172 172 83 24 24
32 32 32 181 275
275 181 34 246 18
18 34 34 34 34
34 34 34 34 0
276 276 0 0 103
277 0 0 277 205
0 0 182 323 262
0 93 0 323 0
156 278 0 279 0
156 280 0 278 156
0 152 152 152 152
167 152 265 281 281
281 281 0 0 0
0 0 309 0 0
309 0 0 100 180
0 0 0 0 313
282 282 180 0 40
190 0 0 108 310
0 108 0 0 0
0 263 334 283 40
0 0 0 263 264
0 80 79 190 190
0 263 284 284 285
284 150 259 169 169
169 206 206 24 104
0 104 165 0 0
191 283 283 165 0
191 283 283 286 191
283 283 223 287 0
175 90 18 18 18
288 288 18 156 89
89 89 289 268 236
174 102 102 0 290
163 289 290 289 105
174 97 97 97 289
0 268 174 0 152
152 153 103 197 98
24 145 190 0 0
131 145 250 275 138
18 129 250 105 250
131 153 232 18 259
83 0 190 208 74
273 278 258 187 248
89 98 292 98 291
291 21 291 21 0
21 198 0 198 25
0 195 198 0 190
85 83 25 131 292
131 131 147 147 32
24 32 32 109 208
98 248 179 18 153
290 18 102 102 257
145 152 152 273 179
185 185 190 259 259
113 197 18 82 83
103 129 129 18 18
0 113 138 0 0
72 292 27 0 198
27 0 18 185 28
18 293 28 0 32
150 18 131 154 0
111 18 292 32 32
173 18 131 105 105
292 37 37 132 181
18 145 145 83 83
144 177 177 21 0
21 0 0 0 293
144 72 72 173 292
185 19 19 195 18
160 156 156 156 93
89 89 89 89 0
153 111 131 111 131
18 111 131 292 105
44 90 90 165 235
201 329 144 140 0
0 189 98 25 165
0 0 0 0 0
165 18 18 24 18
0 144 98 0 0
44 0 0 147 0
131 0 18 18 0
210 25 179 25 205
157 294 232 142 156
18 72 93 83 83
0 93 156 248 152
18 18 140 232 249
24 18 18 24 38
24 147 147 144 147
147 144 23 144 147
0 18 24 18 18
18 18 18 152 306
152 189 189 224 103
189 0 149 149 138
326 242 93 0 0
0 0 0 0 0
96 295 243 170 261
34 201 0 294 278
0 40 0 83 0
0 0 326 103 103
249 42 266 0 264
32 18 18 212 294
152 24 18 264 96
276 131 76 76 147
18 209 78 18 103
157 278 96 0 32
32 24 32 143 0
0 200 18 24 18
185 32 263 0 78
0 0 0 126 126
266 18 263 165 18
18 18 18 18 18
18 18 18 18 18
18 18 18 18 18
18 18 18 18 18
18 18 18 18 154
154 0 103 296 175
18 53 97 53 96
294 0 96 96 104
154 18 97 154 232
154 275 83 83 103
87 53 0 175 175
173 97 76 0 0
0 76 206 25 88
18 18 89 89 89
89 89 18 0 297
97 293 97 78 152
103 296 296 167 0
307 286 34 96 128
181 0 205 18 18
18 76 102 298 0
252 38 105 104 188
53 76 162 102 105
18 18 18 153 18
18 32 197 102 187
185 185 18 299 106
106 76 0 0 82
82 38 38 18 104
18 18 18 18 18
32 148 83 42 153
10 10 6 6 7
7 7 6 7 109
109 0 151 161 327
7 7 7 6 65
18 153 17 19 179
31 18 31 16 233
235 224 19 19 142
185 42 42 31 25
256 140 37 187 17
17 31 31 22 16
17 17 29 29 17
17 40 72 23 35
17 16 16 16 18
18 83 31 44 153
254 33 45 45 48
45 57 45 45 45
125 45 45 45 48
45 45 125 45 56
45 45 45 45 59
48 49 49 49 45
45 45 48 45 48
45 45 45 49 48
56 45 125 49 45
45 45 45 49 45
49 45 45 45 45
45 45 7 7 7
7 48 46 46 60
47 114 60 47 114
47 48 45 60 60
114 60 47 47 47
47 47 47 45 45
45 45 45 45 45
45 45 60 45 45
45 45 45 45 45
45 45 45 55 45
56 56 56 123 45
45 45 57 45 45
45 45 45 71 45
45 45 45 45 45
55 45 45 45 45
45 123 45 55 71
45 45 45 45 57
45 45 45 45 45
45 45 45 45 45
45 45 45 45 45
45 45 56 123 123
45 45 45 45 55
14 14 14 6 6
7 6 7 14 14
6 6 7 7 4
4 4 11 6 64
64 64 64 7 14
14 7 7 4 6
219 4 9 4 4
13 7 13 37 23
22 16 48 45 45
45 1 1 65 280
83 147 77 196 92
256 164 115 0 139
139 143 35 35 35
0 147 36 28 232
183 89 318 16 16
37 132 175 18 45
45 69 0 45 48
45 69 48 45 46
0 0 45 45 45
0 22 0 0 42
16 22 0 29 29
44 153 153 44 44
42 42 42 135 135
135 16 0 153 16
42 328 50 153 153
16 42 16 135 45
45 51 45 49 45
45 45 144 144 45
45 45 47 47 120
7 7 6 13 62
6 111 50 18 72
227 23 179 144 144
133 133 111 45 45
0 45 45 45 45
59 112 112 54 18
95 19 0 78 111
19 19 52 0 18
77 53 53 98 186
210 0 89 95 0
28 28 216 216 153
0 0 176 138 138
0 54 142 237 0
206 206 298 145 145
0 247 89 89 0
0 236 0 16 131
16 90 90 54 45
45 45 45 46 46
45 45 218 45 65
35 17 28 29 22
36 17 17 29 41
17 143 46 46 46
45 45 46 46 7
7 7 45 45 45
45 45 45 45 45
45 45 45 45 45
45 45 45 45 45
58 58 45 45 45
45 45 45 45 45
45 45 45 45 45
0 264 0 31 34
18 91 22 17 278
216 18 110 98 98
31 144 154 291 232
22 232 143 72 0
83 93 16 41 96
154 154 18 29 17
248 0 152 43 43
32 29 0 44 44
153 37 37 110 153
300 0 18 24 0
96 24 83 212 45
45 45 45 45 81
0 74 53 0 0
146 53 109 113 197
53 134 134 111 115
53 0 109 19 197
111 176 213 183 0
28 0 0 126 81
99 31 111 298 217
0 0 115 111 146
210 210 115 45 45
45 45 45 45 45
45 45 37 45 45
45 0 18 0 45
45 45 0 206 46
45 45 45 45 57
57 45 45 45 45
114 45 45 45 45
114 45 45 45 45
56 55 45 45 45
45 45 45 45 45
45 45 45 123 45
45 45 45 45 45
45 56 45 58 45
123 123 58 45 56
45 45 45 45 45
45 45 45 45 45
45 45 45 45 45
56 55 24 0 18
82 18 257 18 257
82 82 76 18 290
290 76 290 82 82
82 18 18 105 105
290 257 76 0 17
66 32 32 18 48
48 57 57 57 48
118 48 48 57 45
47 60 60 47 39
27 27 39 45 45
45 45 45 45 45
45 45 46 45 45
45 45 45 45 45
45 45 45 45 56
45 45 45 45 45
45 45 45 57 45
47 47 45 45 45
45 45 60 45 45
45 45 45 60 45
45 0 57 45 57
57 57 57 57 57
114 57 57 57 57
57 57 57 45 45
48 45 47 48 48
57 45 45 45 45
45 45 45 57 57
45 45 45 45 221
128 155 0 0 189
297 0 0 128 192
80 0 198 198 225
225 0 0 190 274
274 301 305 80 80
0 79 128 302 128
297 0 0 0 0
262 155 172 0 271
0 0 0 0 305
27 249 134 187 19
16 45 45 45 45
45 154 97 267 267
167 152 152 34 191
34 243 243 267 267
267 96 34 103 96
191 191 191 191 191
286 286 286 286 286
279 279 279 34 34
103 103 103 0 96
96 154 154 154 232
232 96 0 96 96
103 154 1 1 247
89 237 0 99 45
45 45 58 45 45
45 7 7 7 64
81 237 12 0 12
96 209 156 128 156
303 272 209 209 209
209 40 201 274 0
0 40 304 270 261
0 0 0 80 80
80 269 269 128 40
40 297 0 297 0
277 272 91 91 91
209 96 96 156 339
156 303 0 270 270
0 96 189 304 0
0 0 128 40 305
259 285 89 158 224
259 160 83 0 83
149 32 271 192 156
306 271 192 301 79
85 182 205 205 87
0 150 150 209 155
155 0 149 149 169
89 0 306 32 24
24 24 32 306 86
182 0 126 139 208
91 180 91 91 91
40 40 83 103 190
269 0 207 277 269
100 100 190 190 304
208 103 103 91 190
91 91 267 91 269
268 100 269 269 269
0 40 83 83 40
40 40 83 100 207
304 269 307 83 89
40 190 307 93 277
0 269 40 93 93
277 307 269 190 152
96 0 0 190 190
190 269 190 195 269
195 195 40 130 0
277 103 277 272 277
262 0 272 0 267
93 93 83 83 0
248 96 96 96 154
96 309 0 309 6
6 7 12 0 12
12 6 7 7 7
7 7 12 12 7
7 12 7 7 12
12 12 12 12 7
7 7 7 7 12
0 7 7 64 64
4 6 64 14 14
4 7 7 0 0
0 0 0 0 0
0 0 0 7 7
7 7 7 7 7
7 14 12 14 66
64 64 7 9 7
14 4 14 14 45
45 45 45 45 45
0 14 7 14 7
7 7 7 14 7
7 7 7 7 7
7 120 120 7 7
7 0 120 7 7
0 312 96 129 34
294 0 152 264 264
34 103 308 310 0
309 310 311 309 0
295 295 311 312 312
281 0 342 0 0
264 264 264 0 0
195 223 195 294 294
34 130 34 130 34
103 103 0 103 103
96 96 96 96 0
96 154 154 154 152
152 281 313 99 17
29 29 29 29 29
17 17 17 46 24
95 109 105 44 314
16 314 197 16 111
44 16 197 314 24
16 109 95 197 18
315 27 324 178 111
37 111 18 178 111
32 95 95 106 37
37 37 37 44 37
37 44 44 18 290
18 290 18 290 18
290 290 105 290 18
105 105 32 32 105
32 32 32 24 24
24 24 24 18 18
18 27 197 19 19
0 19 95 95 95
0 27 111 314 27
314 0 314 28 127
111 327 111 162 162
18 162 18 18 0
134 134 134 109 109
316 247 134 19 197
316 16 178 178 178
178 290 28 95 95
19 45 103 91 0
96 91 0 91 288
296 103 278 276 278
154 96 295 288 0
154 0 282 0 295
0 295 282 276 276
276 288 288 0 0
342 0 108 0 342
0 0 0 223 223
296 278 34 296 278
278 34 34 34 34
34 103 103 103 91
96 96 96 96 154
154 154 154 0 0
232 232 96 190 190
208 275 128 103 207
80 190 128 128 103
145 172 270 270 270
270 80 80 190 128
128 80 128 128 40
128 128 128 207 208
208 103 21 291 291
291 155 291 0 280
83 280 152 172 0
224 0 224 234 103
306 167 34 0 279
0 209 308 34 167
267 0 191 34 272
279 34 34 34 34
103 209 224 293 96
156 306 0 295 0
286 308 286 286 0
45 45 45 45 45
45 243 310 0 286
165 286 246 201 84
170 170 154 93 155
286 286 312 0 276
154 34 0 0 288
201 0 0 201 0
0 191 84 191 191
279 170 279 279 170
34 166 34 246 209
209 169 155 155 0
155 339 248 154 248
209 311 0 310 103
83 267 96 97 97
103 167 18 97 0
296 96 103 103 295
295 167 0 317 0
295 317 0 308 296
103 341 341 96 96
96 154 154 154 154
154 267 83 83 154
97 97 97 97 18
267 18 267 180 0
97 103 286 83 96
334 0 34 103 103
103 103 103 103 103
154 154 154 154 154
267 83 267 83 83
97 97 97 97 180
0 267 0 0 82
74 0 74 82 74
164 74 0 0 0
0 0 318 318 0
76 47 113 113 24
298 82 257 106 0
82 106 78 82 106
257 76 206 82 82
78 101 32 32 76
78 76 78 106 106
106 78 82 82 82
101 101 82 101 101
101 101 0 187 257
187 187 32 32 45
47 47 57 47 45
47 57 45 57 57
45 57 57 57 57
45 45 58 45 45
45 7 308 89 65
6 66 9 5 45
45 163 81 230 0
241 74 88 88 88
0 0 319 0 230
230 230 230 105 82
82 32 32 32 112
106 0 32 82 105
102 82 101 101 102
102 82 0 82 102
82 82 105 101 105
290 290 290 101 101
101 7 7 7 45
45 45 320 24 206
322 215 106 24 321
206 322 215 215 24
239 239 239 0 239
322 322 239 0 78
78 0 78 78 32
32 32 32 24 24
24 24 320 320 215
112 89 4 24 64
64 64 64 57 57
45 57 57 57 114
45 76 217 12 45
57 45 114 45 114
45 45 57 114 116
58 58 45 45 48
57 45 57 57 0
14 45 47 45 57
12 7 14 7 76
88 32 88 88 113
88 76 88 113 78
78 32 76 88 88
88 88 76 76 76
76 113 113 113 0
113 113 32 106 76
76 78 76 76 76
32 32 32 306 323
323 172 271 284 306
184 323 238 0 0
0 306 285 284 285
245 238 0 204 323
166 150 209 224 172
172 172 172 0 172
172 306 306 242 93
242 242 284 169 209
172 0 99 175 0
175 32 99 99 99
99 0 0 0 0
114 114 114 45 45
45 57 57 57 57
112 53 76 76 76
45 60 45 45 57
57 57 45 45 48
48 57 57 7 0
224 190 83 96 0
105 280 101 128 246
0 96 78 190 93
102 98 105 105 101
24 140 46 102 21
98 105 0 290 335
102 257 249 187 257
187 105 289 105 249
290 290 105 215 299
187 289 289 289 0
105 289 321 187 318
249 102 257 257 257
105 105 27 236 260
212 212 27 27 27
257 101 133 111 18
37 46 45 46 45
257 163 249 105 321
105 0 257 289 321
257 24 18 257 173
24 24 53 151 78
105 257 257 324 257
324 257 187 257 178
257 257 257 105 82
257 257 257 257 82
82 82 105 290 290
18 18 18 101 18
82 290 257 257 105
257 250 105 257 102
105 0 187 82 102
24 24 82 82 105
325 253 0 187 32
187 32 32 290 105
249 187 187 74 187
74 257 257 257 324
113 0 187 18 101
187 18 0 18 101
32 101 187 187 197
102 324 197 197 197
197 102 102 102 102
187 187 187 0 187
290 18 101 187 18
18 16 105 257 299
321 102 320 32 77
77 257 257 249 18
18 18 18 105 105
187 0 101 326 217
0 24 0 172 82
113 113 217 76 78
187 105 24 322 32
24 105 24 32 32
320 101 18 18 187
24 257 257 257 325
257 105 105 105 105
105 105 88 246 292
272 277 292 158 111
111 111 111 111 111
111 111 111 111 111
111 111 111 111 111
7 7 45 45 57
57 7 7 7 48
45 60 45 47 47
48 48 60 47 45
45 47 60 45 57
60 47 47 47 47
47 47 114 47 57
47 48 48 114 114
114 45 45 48 57
60 7 6 57 45
45 45 45 45 45
45 45 45 45 45
45 0 45 0 45
45 45 45 45 45
16 0 0 227 256
327 0 37 41 35
35 133 133 292 151
161 161 0 22 22
292 35 41 134 133
16 36 16 45 45
45 18 131 98 25
18 18 0 24 18
236 142 18 0 89
98 98 187 178 89
37 142 234 188 102
138 177 177 152 24
32 131 164 187 18
98 98 89 78 0
142 142 212 18 212
212 212 102 25 25
0 32 32 235 138
24 258 18 38 188
0 181 152 306 32
186 18 18 142 37
24 185 42 144 187
144 144 144 0 0
45 45 45 45 46
45 45 45 45 45
45 49 46 46 178
72 134 83 18 40
24 88 217 0 0
18 72 142 214 134
17 83 27 213 27
104 24 24 104 178
44 0 34 0 133
156 0 150 150 80
243 317 156 46 45
45 125 45 45 45
45 45 45 45 45
45 45 45 45 45
45 45 45 56 32
160 89 18 21 328
154 36 154 297 21
177 198 19 18 28
0 15 0 23 189
200 165 0 16 16
89 16 45 45 45
233 88 39 153 306
89 237 88 82 146
28 329 130 0 42
45 45 12 7 6
250 142 24 193 232
37 143 83 72 37
153 250 22 237 0
19 251 24 83 330
46 97 154 83 45
45 3 7 64 12
7 61 12 64 64
64 57 57 57 57
45 45 45 45 45
12 0 111 95 95
111 45 45 48 0
1 1 1 45 1
45 1 1 6 6
64 14 6 11 4
14 6 14 9 0
6 14 45 8 7
229 0 7 229 7
7 7 62 14 6
7 6 7 7 14
14 14 7 7 6
64 64 7 7 4
7 7 6 6 4
14 14 0 143 338
137 18 18 37 132
111 292 19 331 111
31 138 250 143 37
18 90 153 153 153
90 18 19 19 22
0 39 22 232 22
17 17 17 232 143
143 143 98 142 142
72 98 132 111 111
131 331 142 220 115
255 250 83 19 83
147 138 138 147 133
133 133 133 183 36
31 134 180 180 0
193 121 45 48 48
121 45 45 45 45
45 45 45 45 45
48 48 48 48 48
45 45 45 45 46
46 45 45 45 114
114 46 45 229 120
7 13 7 164 42
200 150 210 150 89
37 20 24 89 16
89 189 26 19 21
150 39 0 151 0
16 16 16 42 27
0 28 96 96 40
18 32 37 32 22
32 18 24 83 138
72 72 27 176 83
32 0 235 80 198
32 16 134 36 19
208 208 83 134 32
0 137 234 46 45
48 45 45 48 48
45 45 45 46 48
45 45 22 3 72
42 147 37 43 44
188 56 45 136 55
56 1 45 7 7
0 76 32 275 156
153 332 164 0 42
36 156 250 140 20
31 18 0 0 28
298 96 21 153 90
0 24 24 193 76
76 50 104 17 126
42 140 195 18 37
52 76 76 0 142
0 17 294 0 22
98 98 36 77 37
76 76 0 0 0
23 83 83 267 96
96 96 103 103 103
156 32 18 232 83
104 133 133 29 29
28 28 27 31 80
89 19 39 185 181
32 90 90 153 18
18 18 18 18 103
224 154 0 27 150
0 87 17 76 89
204 88 72 16 16
95 22 328 72 72
75 142 75 72 102
32 187 292 144 21
54 0 0 76 17
91 128 128 17 328
17 19 19 292 134
88 0 0 17 28
183 86 86 0 103
73 0 183 0 0
183 0 0 44 32
44 78 0 329 0
0 283 42 104 78
18 18 144 104 42
327 327 142 0 0
152 21 0 89 138
138 298 45 60 45
45 69 46 69 60
49 45 45 45 45
45 45 45 0 48
57 45 56 45 45
45 45 45 45 49
45 45 56 55 45
45 47 45 45 47
69 45 45 48 45
56 71 45 56 45
45 45 45 45 55
46 45 45 45 45
45 45 45 45 45
48 45 45 45 45
125 60 45 45 45
45 136 48 45 45
56 46 45 45 45
45 45 45 45 55
60 45 45 333 45
55 45 45 45 45
45 45 45 45 22
60 1 1 1 1
1 0 65 65 1
65 14 7 7 12
6 12 7 11 11
8 7 7 7 66
14 12 6 7 64
7 6 7 12 6
8 7 7 7 5
7 13 64 7 64
7 7 14 10 229
7 7 6 7 7
7 7 4 64 64
7 7 7 64 13
7 7 9 14 7
4 7 24 187 17
131 131 214 214 44
16 37 39 41 212
18 35 198 83 131
212 212 177 28 28
28 28 254 138 72
83 72 94 72 24
216 0 0 134 163
151 44 37 111 111
111 0 38 131 18
45 45 45 45 45
45 48 56 45 56
45 45 58 45 55
56 56 45 71 45
45 124 45 58 45
57 45 45 45 45
45 45 45 56 45
45 57 48 45 48
46 45 46 45 45
124 45 56 45 125
56 55 58 45 45
56 45 45 58 48
46 125 45 45 45
45 45 45 45 125
55 45 45 56 45
45 45 45 45 125
45 48 48 45 45
45 45 45 45 45
69 69 69 45 45
45 45 46 69 45
58 56 45 45 58
48 45 71 45 45
46 46 46 46 46
46 45 45 46 45
45 60 45 45 45
45 57 57 47 45
45 47 45 45 45
18 18 89 89 19
18 76 0 89 72
319 19 18 109 72
206 319 332 332 86
76 89 175 89 45
217 18 313 0 163
0 138 98 142 0
34 212 164 178 98
0 0 171 18 0
147 23 201 78 18
24 217 0 0 233
250 201 104 236 0
97 24 104 164 32
147 0 156 0 190
198 156 189 190 79
212 187 83 24 89
98 154 18 18 18
18 18 140 249 140
122 147 18 18 18
212 0 98 0 98
298 291 93 212 18
128 122 138 212 212
144 142 144 89 93
93 93 267 152 156
156 156 160 154 154
212 32 32 187 258
152 152 152 152 0
152 154 189 152 154
72 213 139 178 178
178 98 72 83 0
177 177 98 302 128
302 302 40 0 34
167 187 24 257 24
187 187 216 18 98
173 207 0 98 0
23 32 99 0 305
131 131 192 166 103
103 103 103 317 334
313 0 282 313 191
0 84 269 80 32
0 250 0 0 0
0 0 0 223 0
223 286 18 18 18
18 249 0 198 34
192 187 89 207 18
131 96 188 154 190
0 301 188 187 244
0 89 298 105 0
189 280 298 0 172
0 83 266 155 18
191 215 18 290 37
18 18 18 18 212
18 290 105 105 0
0 0 32 21 128
269 128 195 0 303
103 187 187 187 187
96 194 96 240 187
105 172 0 172 172
0 172 189 0 0
160 93 156 154 154
217 93 20 18 0
105 32 83 83 177
83 233 177 293 0
0 0 265 0 0
0 273 279 98 98
306 38 165 79 0
283 0 201 270 270
0 270 0 131 18
258 152 0 335 18
18 24 18 53 18
18 298 105 18 18
181 82 217 28 151
236 250 187 24 110
214 32 298 217 78
298 298 0 32 249
24 163 236 163 0
212 78 83 76 187
131 111 151 39 0
110 0 0 54 54
25 18 18 18 212
45 60 60 60 45
57 314 45 45 45
336 45 45 336 336
45 45 45 45 336
45 45 336 45 45
45 45 45 78 78
0 233 0 0 306
217 78 78 78 78
78 78 163 88 82
337 32 236 163 24
163 142 18 233 24
171 236 78 0 200
78 163 0 0 25
273 25 170 78 25
0 24 0 236 16
178 78 89 89 154
78 78 78 18 18
24 24 24 105 24
24 78 78 76 76
142 142 72 72 326
83 326 233 83 0
76 76 76 76 200
76 266 0 200 178
178 16 25 264 238
76 0 233 93 44
18 185 18 44 98
24 21 98 280 98
98 140 122 37 23
16 16 43 27 131
16 72 72 72 177
111 338 142 17 185
134 104 145 104 18
145 45 45 46 45
46 45 203 45 45
45 45 32 156 182
18 16 24 18 32
24 249 42 89 0
37 160 248 0 153
0 24 24 24 0
18 25 25 0 198
0 212 249 72 89
44 38 189 277 152
0 233 91 91 93
24 24 72 156 89
105 32 24 105 18
290 18 194 189 96
262 189 209 94 83
83 33 32 212 0
212 212 18 18 18
37 45 45 0 115
53 54 89 178 24
0 0 75 78 0
178 0 26 88 88
88 88 88 88 113
113 113 113 76 106
300 106 32 112 89
89 89 112 112 146
74 45 48 48 65
65 16 17 18 16
131 133 0 18 179
264 155 303 30 17
128 264 0 0 177
24 24 24 0 44
24 0 21 21 131
22 35 144 38 76
0 19 72 72 0
252 24 182 250 250
156 156 16 179 0
0 155 44 145 159
38 38 266 25 37
144 0 16 45 45
45 48 45 45 45
45 56 46 45 45
45 45 58 45 45
45 45 45 45 298
76 298 78 53 172
210 131 78 78 78
28 78 0 76 24
337 18 32 89 89
78 97 78 78 76
76 76 76 53 53
53 0 151 236 101
83 0 152 260 280
0 0 171 171 24
168 278 0 115 24
38 83 140 140 24
24 0 45 45 57
57 60 45 45 27
90 27 0 81 215
149 88 237 81 81
24 225 0 156 105
24 102 224 306 24
172 0 149 326 0
156 290 105 239 113
81 88 0 0 161
210 319 0 230 19
36 232 0 142 142
142 0 142 112 81
142 78 89 112 0
0 76 89 89 89
53 0 78 149 76
73 250 0 0 142
142 142 142 149 247
78 22 0 22 146
260 96 82 155 158
83 201 80 153 82
192 153 315 264 264
108 108 156 160 267
204 306 82 275 275
194 272 194 339 83
257 257 82 82 82
82 32 146 146 53
16 18 18 180 0
154 248 129 103 129
40 307 0 0 40
207 21 108 18 0
0 0 143 315 260
241 92 0 178 32
32 32 32 206 101
0 102 24 109 109
109 109 109 241 241
299 27 154 232 154
232 267 154 28 28
0 0 0 18 0
324 324 324 44 31
90 18 232 44 18
29 16 140 139 41
44 34 0 37 72
98 0 157 0 128
128 98 142 237 210
88 76 27 0 90
143 125 122 18 164
164 220 111 111 111
18 18 64 0 248
151 0 175 0 301
0 277 189 24 170
278 277 24 89 21
24 156 0 0 154
166 91 189 21 128
190 83 83 100 100
0 278 156 279 152
89 0 301 304 0
271 18 32 32 180
180 18 18 72 250
250 0 0 16 232
72 254 254 72 72
76 78 250 78 250
164 139 147 112 98
0 101 164 0 240
240 0 98 0 76
0 78 142 0 78
53 53 53 53 101
101 53 147 78 24
32 32 76 85 109
109 101 98 78 0
0 101 236 101 166
0 76 326 0 26
78 78 78 76 76
112 164 78 78 26
82 0 0 0 0
0 0 315 37 16
16 54 175 89 54
76 54 78 82 287
206 0 206 76 76
206 206 78 76 54
52 37 142 142 78
340 148 37 142 112
112 146 18 111 232
93 0 18 226 0
0 7 7 53 193
0 193 0 53 53
210 78 78 78 54
86 98 53 78 175
175 112 112 88 175
53 112 112 0 154
317 0 152 83 84
341 0 341 201 329
286 296 97 24 152
97 0 170 34 0
96 154 19 24 19
34 286 0 0 294
294 191 267 267 262
262 93 93 76 326
94 83 83 83 284
34 128 84 154 0
290 0 332 0 96
154 34 103 334 103
317 103 191 332 279
0 167 154 97 97
97 154 154 154 154
0 103 96 103 103
103 34 103 167 34
34 167 167 167 167
167 286 286 286 286
191 191 334 0 313
317 317 311 311 97
313 310 313 0 93
267 267 154 53 75
303 154 128 40 40
34 303 0 303 303
34 34 103 103 112
89 308 89 308 89
170 170 154 152 152
0 0 316 102 102
102 257 257 257 257
257 257 82 24 316
289 187 82 289 187
82 105 289 105 105
289 82 82 82 0
187 105 82 316 290
105 18 18 105 18
32 32 18 18 32
18 32 32 146 146
146 146 146 105 105
105 18 18 290 78
88 88 0 340 340
340 78 78 78 53
53 53 53 53 53
24 101 101 101 178
83 160 77 37 18
144 25 197 0 78
145 295 78 302 16
145 209 329 0 205
32 208 103 25 0
83 83 83 0 0
96 261 280 148 101
101 101 112 173 173
245 103 103 32 0
295 44 152 210 32
145 145 18 283 238
234 172 209 239 76
153 32 171 155 83
76 239 88 323 323
209 209 209 172 172
217 76 25 25 236
236 256 25 77 36
25 25 85 126 126
0 0 0 86 85
0 0 297 86 267
209 209 103 87 242
85 286 0 319 84
84 297 207 96 96
96 78 24 24 82
78 188 188 78 78
78 78 78 24 0
337 337 337 96 103
19 18 257 18 249
24 0 24 257 109
319 319 78 236 78
78 105 250 37 250
23 23 23 0 250
291 32 257 102 257
0 188 32 32 32
340 249 82 82 18
107 107 98 230 213
0 206 0 78 53
53 34 339 272 277
79 57 60 45 57
57 114 45 57 47
48 47 60 114 114
114 60 60 57 57
45 45 47 48 45
45 45 45 45 47
45 78 47 60 47
45 47 47 47 47
60 45 45 48 60
118 45 47 45 47
57 60 47 45 45
47 47 57 45 45
114 45 47 45 47
47 47 60 45 47
45 114 0 105 105
215 76 89 89 342
78 76 232 78 0
77 77 175 0 86
76 76 76 89 82
264 342 142 142 0
126 0 0 287 206
18 206 175 175 206
175 206 175 18 173
173 197 197 289 197
290 197 105 105 105
105 290 290 290 290
290 18 18 197 197
197 187 178 178 187
187 187 187 187 187
82 109 109 197 34
267 190 279 34 267
34 103 144 101 82
53 53 53 300 78
78 78 82 78 101
53 53 112 340 82
112 112 78 82 82
112 340 78 53 78
112 82 82 101 101
340 82 78 73 101
340 340 53 53 53
53 73 73 101 82
82 101 53 82 78
112 340 82 82 101
101 82 101 0 78
18 18 300 106 32
106 32 18 18 18
290 290 105 105 105
300 78 101 78 78
53 0 78 53 53
53 53 78 53 101
78 53 78 78 78
76 76 76 78 53
53 78 78 78 78
53 78 78 78 82
82 112 78 78 78
78 340 78 101 73
112 82 78 101 82
82 82 101 73 73
73 101 78 112 112
146 146 112 146 101
53 53 110 82 53
53 53 53 78 340
101 78 137 256 19
0 107 126 76 98
0 86 175 146 0
146 146 146 0 311
303 264 78 76 217
217 326 217 53 106
78 76 76 76 78
76 18 18 18 18
18 18 32 0 0
53 112 112 106 106
106 53 78 0 78
337 162 257 142 256
259 142 98 53 73
0 78 206 206 206
287 112 287 112 112
112 88 0 0 109
88 109 66 53 78
53 53 53 53 53
78 53 78 78 78
53 53 101 101 53
101 101 101 316 197
197 257 105 18 18
290 0 18 18 290
18 290 313 101 53
340 0 340 73 73
73 73 78 101 101
53 24 53 105 101
78 101 101 340 0
78 78 78 112 146
300 101 0 146 18
18 299 299 289 324
178 257 257 257 257
105 163 187 187 105
18 18 290 82 102
82 102 102 0 290
290 101 82 82 73
82 73 73 290 82
18 18 18 18 290
53 53 73 73 18
18 53 53 53 78
162 337 337 0 32
290 0 164 26 230
290 18 18 18 82
82 0 290 105 105
105 105 190 105 105
105 105 325 105 105
105 257 257 105 257
105 45 257 257 257
257 325 257 45 111
111 197 187 187 187
289 206 206 206 206
187 75 0 113 0
187 187 178 178 215
178 178 187 75 75
187 178 178 178 178
178 178 178 249 24
102 249 249 0 178
178 0 0 0 52
0 0 0 0 0
241 0 196 45 6
7 7 67 60 64
7 7 47 45 45
7 111 45 45 78
2 96 106 146 146
106 112 112 112 340
112 287 243 243 48
45 32 102 309 257
325 101 102 105 18
0 102 19 18 35
35 59 257 103 53
18 212 45 0 128
