2 1 1 9 2
1 3 3 3 3
3 2 2 4 4
0 0 0 5 5
4 4 4 6 6
3 9 0 3 3
3 3 3 3 3
3 3 3 3 9
1 1 9 0 5
5 0 2 2 2
9 0 2 5 7
7 11 12 0 0
2 2 6 6 5
3 7 7 7 7
2 7 1 3 2
2 2 2 2 2
2 2 2 2 2
0 10 10 7 6
7 7 7 0 0
8 8 5 5 3
3 3 3 2 2
2 2 2 2 2
2 2 2 2 2
2 2 2 1 8
8 9 8 8 3
0 0 0 2 8
8 8 1 1 0
0 0 5 0 10
10 10 0 0 0
3 2 9 9 7
7 2 2 2 2
2 2 2 2 2
2 2 2 2 2
7 9 9 3 9
3 3 0 0 0
0 2 5 9 0
9 2 2 2 0
0 0 0 4 7
10 7 0 0 7
7 7 0 9 9
2 2 11 0 3
2 0 2 2 9
2 2 2 11 0
0 11 0 11 0
0 0 3 12 7
1 1 1 2 0
2 0 11 11 12
12 12 12 12 0
0 0 0 9 0
0 11 0 0 11
0 3 3 3 3
0 0 9 0 11
0 0 0 5 12
0 0 0 7 7
0 9 9 7 7
7 7 7 1 0
12 3 0 12 11
9 1 9 7 7
7 7 7 7 7
9 9 0 7 7
7 4 4 4 5
5 4 0 5 5
5 5 5 5 6
6 6 6 6 10
0 0 9 3 3
0 0 0 0 0
9 9 0 1 1
7 0 1 1 3
2 2 2 2 0
0 2 2 2 2
2 3 3 3 2
2 2 9 0 3
3 3 6 9 2
2 7 7 7 0
0 0 9 12 5
5 5 2 2 0
3 3 3 3 3
3 2 2 9 0
5 7 7 2 2
8 8 3 3 3
7 0 9 0 0
1 1 1 8 8
3 3 2 2 2
0 0 2 3 7
1 2 3 3 3
3 3 3 3 1
7 6 2 2 2
2 2 2 2 2
2 9 0 7 2
2 2 8 2 3
2 2 0 0 9
3 2 8 5 5
10 0 0 3 3
9 0 7 9 0
0 0 6 3 6
0 6 2 3 2
2 2 2 2 2
2 3 2 9 7
12 0 0 0 0
0 0 0 0 0
0 0 0 0 0