1 1 1 1 2
1 1 1 1 1
1 1 1 1 1
1 1 1 1 3
3 4 5 6 7
7 6 1 5 8
6 6 6 8 5
9 6 6 10 6
6 9 6 5 5
6 3 11 6 11
5 12 13 14 0
13 15 16 15 17
13 16 16 18 19
20 21 18 0 22
15 17 15 18 15
17 15 23 24 24
24 0 15 15 17
15 15 0 25 23
15 26 23 21 19
27 18 28 22 22
29 20 20 30 30
15 15 24 328 31
13 18 18 16 20
32 33 15 15 25
18 32 0 13 20
30 30 16 31 21
21 15 23 15 23
20 20 14 0 34
18 17 26 328 35
35 26 18 20 16
16 16 16 16 16
16 15 15 16 21
19 36 19 0 19
13 13 13 37 15
37 17 38 18 32
17 15 15 15 38
38 38 20 20 37
18 18 18 18 15
15 15 24 15 15
15 15 15 15 33
15 33 0 15 15
15 12 18 15 15
15 15 15 21 12
15 16 16 16 15
38 13 13 39 25
25 15 15 15 19
13 13 13 13 13
13 13 13 13 0
29 40 25 25 27
31 31 22 12 12
12 22 15 15 17
17 40 24 24 0
16 41 27 28 1
1 1 1 1 1
1 1 34 1 1
42 1 34 1 42
1 1 1 1 43
1 1 1 1 1
34 1 1 34 1
1 1 1 1 1
34 1 34 1 1
1 1 1 34 34
42 42 42 1 42
1 34 42 42 1
42 42 1 1 1
1 1 1 1 1
1 1 34 1 1
34 34 34 1 44
1 1 1 1 42
1 1 1 1 1
34 43 34 43 34
34 34 42 6 1
1 45 45 46 48
47 26 48 49 45
46 50 1 1 34
34 34 1 1 1
51 1 1 52 1
1 1 52 1 1
1 1 1 1 1
1 1 1 1 1
1 1 1 51 1
1 1 1 1 1
1 1 1 1 1
1 1 1 1 1
1 1 1 1 1
1 1 1 1 53
1 1 52 1 1
1 1 1 1 54
1 1 1 53 51
53 1 1 51 1
1 1 1 1 1
1 1 1 1 1
1 52 54 1 1
1 1 1 1 1
1 1 1 54 1
1 1 52 1 1
1 1 1 1 1
1 1 52 1 1
1 1 1 1 1
52 54 54 54 54
1 52 52 1 1
1 1 1 1 1
51 42 1 1 1
1 1 1 1 1
1 1 1 1 1
11 6 6 5 5
6 6 55 56 6
56 6 6 6 6
6 6 6 5 5
5 5 55 6 6
5 57 6 6 1
5 5 5 5 5
5 5 5 5 5
1 1 58 1 6
6 6 55 6 6
11 11 6 5 5
6 6 6 6 6
5 53 1 52 52
1 1 52 51 52
52 52 1 52 52
52 52 1 1 43
43 1 43 43 43
43 43 1 52 1
1 51 1 1 1
1 1 52 1 53
1 1 1 1 1
1 1 1 1 1
1 1 1 1 1
1 1 1 1 1
1 1 1 1 1
1 1 34 1 1
1 1 1 1 1
1 1 1 1 1
1 1 1 1 1
1 34 1 1 1
1 1 1 1 1
1 1 1 1 1
0 1 59 1 1
1 0 6 1 8
6 8 6 60 6
1 0 7 7 1
1 4 4 4 4
4 61 62 6 6
6 63 1 1 64
42 42 1 1 65
42 1 1 1 59
59 59 59 0 1
6 6 6 60 1
63 6 7 6 6
1 7 7 1 62
62 6 63 1 64
66 1 1 1 1
1 1 1 1 1
1 1 1 1 51
1 1 1 1 1
1 1 1 1 1
1 1 67 51 1
1 1 1 1 1
1 1 1 1 1
1 1 52 1 1
53 1 1 1 1
1 1 51 1 1
1 1 1 1 1
67 67 67 67 67
67 1 52 1 1
1 1 52 0 15
48 68 69 29 18
70 71 71 72 15
69 73 73 74 46
75 0 15 69 76
18 18 16 77 48
69 18 20 20 20
78 0 79 78 0
48 75 80 81 80
82 48 16 83 40
40 40 40 82 82
84 85 85 86 87
69 88 16 89 80
50 50 0 90 74
69 74 78 16 16
32 69 48 48 319
73 91 18 95 92
92 0 91 17 17
17 0 20 20 68
16 16 38 38 93
94 94 81 16 95
96 97 72 98 15
15 15 88 88 294
76 99 16 100 15
0 104 15 101 102
74 18 71 70 16
103 104 92 15 71
16 105 106 103 46
16 107 48 17 74
108 108 72 109 48
48 77 0 89 110
0 24 24 110 105
18 18 105 111 99
82 82 0 69 69
82 69 1 1 1
1 53 1 1 1
1 1 1 1 1
1 1 1 34 67
53 67 67 1 1
1 1 1 1 1
1 1 1 1 1
1 1 1 1 1
1 112 1 1 1
1 1 1 1 1
1 1 1 53 53
1 113 1 44 1
1 1 53 1 1
1 1 1 1 1
1 1 1 67 1
1 1 1 1 1
1 1 1 1 1
1 1 1 1 1
54 1 1 1 1
1 1 53 1 1
1 1 1 1 1
1 1 1 1 1
1 1 1 1 1
1 1 1 1 1
1 1 1 1 1
1 114 115 115 1
1 115 1 1 1
1 1 1 42 42
67 42 1 1 1
1 42 42 42 116
42 1 42 42 42
42 42 1 1 1
1 42 42 42 1
42 42 67 1 42
1 113 1 1 1
1 1 1 1 1
52 52 52 1 53
1 1 1 1 1
1 67 1 1 1
43 1 1 1 1
52 52 52 1 1
1 1 1 1 1
1 1 1 1 1
117 118 15 119 119
110 1 1 1 1
1 1 1 1 1
1 1 1 1 1
1 1 1 1 1
1 52 1 1 1
1 1 52 52 53
53 1 1 52 1
52 1 1 52 1
1 1 1 52 1
52 1 1 1 1
1 52 52 67 52
1 1 1 1 1
1 1 1 1 5
11 6 5 57 11
6 5 5 5 1
57 6 6 6 5
5 5 5 6 6
6 1 6 120 120
121 11 1 52 122
1 123 1 1 52
1 1 1 1 1
51 1 1 1 53
1 1 1 51 1
1 1 1 1 122
1 1 1 1 1
1 1 1 1 1
1 1 52 67 1
1 1 51 1 51
1 1 1 1 1
1 1 1 1 1
18 18 15 124 125
68 1 1 1 1
1 1 1 1 1
6 6 6 0 40
15 15 34 34 15
32 33 32 18 15
15 20 20 0 15
17 12 0 19 19
19 19 40 13 21
21 1 34 1 1
1 42 1 66 1
42 1 34 1 1
1 1 126 1 1
1 1 1 1 1
1 1 53 53 1
1 53 1 1 1
52 1 1 1 1
1 1 1 1 302
1 1 1 52 1
53 1 1 1 1
1 53 53 1 1
1 1 1 1 1
1 1 1 1 42
1 1 52 1 59
1 42 53 67 42
42 42 42 114 52
1 1 42 53 1
42 51 1 1 52
51 42 42 1 1
1 52 52 42 52
53 127 53 67 1
42 42 42 1 1
1 1 1 1 1
1 51 42 1 52
52 1 1 1 53
53 52 1 52 52
52 1 1 53 1
1 1 1 1 1
1 51 1 1 1
1 1 53 52 1
1 1 1 1 1
1 52 52 53 1
1 1 1 1 1
52 1 1 1 1
43 1 1 1 1
1 1 1 1 6
5 5 5 5 120
6 128 1 129 1
1 1 52 1 1
1 123 1 1 129
42 1 1 1 1
1 51 1 1 1
1 1 1 1 1
1 1 1 1 51
1 52 1 1 1
1 1 1 1 1
1 51 1 1 51
1 1 1 1 1
1 1 1 1 1
1 1 1 1 51
51 1 1 1 1
1 1 1 1 1
1 1 1 1 1
1 1 1 52 1
1 1 1 1 1
1 1 1 1 42
1 1 1 1 1
1 1 1 1 1
1 1 1 1 1
1 1 1 1 1
114 114 114 51 1
1 1 1 1 51
52 1 1 1 1
1 130 1 1 1
1 1 1 1 1
1 130 1 130 1
1 1 1 1 1
1 1 1 67 1
1 1 1 1 1
67 1 1 1 1
1 1 67 1 1
1 1 1 1 1
1 1 67 1 1
1 1 1 1 1
1 52 1 1 1
52 1 1 1 1
1 1 1 114 114
1 52 1 1 1
1 130 1 1 1
1 53 1 1 1
1 1 1 1 1
1 1 1 1 1
1 1 1 53 1
1 1 1 1 52
1 53 53 1 1
1 130 1 52 1
130 1 1 1 1
52 1 1 1 1
1 1 42 0 1
59 1 59 6 5
5 58 11 6 5
6 11 6 6 6
6 55 55 55 58
58 58 5 57 1
6 10 6 6 6
57 56 6 5 6
6 6 6 6 11
11 58 58 58 6
6 27 16 15 16
40 131 30 40 132
16 39 133 133 40
83 134 20 93 93
29 135 136 119 137
15 16 30 25 20
25 25 25 16 15
20 20 30 138 30
20 20 15 15 139
83 91 100 40 83
40 137 27 119 132
119 119 16 16 137
1 1 53 34 1
34 42 140 1 1
1 1 1 1 42
1 1 1 42 42
1 1 1 1 141
34 34 1 1 6
6 6 6 15 133
142 81 118 81 143
0 133 15 103 103
68 89 72 68 110
133 34 42 34 42
42 1 1 1 144
34 34 34 1 1
42 1 42 42 42
42 1 42 42 42
42 42 1 1 1
42 42 1 42 1
42 42 113 42 1
1 53 42 1 42
42 1 1 42 113
42 42 42 42 1
42 42 42 42 42
116 116 53 116 53
1 42 42 42 42
42 53 1 53 6
11 6 6 6 11
6 6 6 6 6
6 6 6 6 6
11 1 42 1 42
42 52 1 113 52
42 1 42 113 53
113 113 53 1 52
1 1 42 52 1
42 42 52 1 144
1 1 144 52 1
1 1 42 53 52
42 42 53 113 1
1 42 1 42 53
1 1 42 1 53
42 1 1 1 1
1 1 42 52 1
1 1 1 1 1
1 1 1 1 1
1 52 1 1 1
1 1 1 1 1
1 1 1 1 1
1 42 1 1 1
1 1 1 1 1
42 42 42 113 42
1 1 1 1 1
1 1 1 1 1
1 1 1 1 1
1 1 1 1 52
1 1 1 1 1
1 1 1 1 1
1 1 1 1 1
1 1 1 1 1
1 1 1 1 1
1 1 1 1 1
1 1 1 53 42
42 1 42 53 42
53 1 42 42 42
53 42 42 42 42
1 1 1 42 42
1 1 56 11 6
6 121 56 11 6
58 56 61 61 58
5 121 6 6 92
37 68 20 152 13
13 24 15 15 0
16 16 68 16 37
37 25 20 47 25
25 132 132 109 109
92 145 0 137 47
47 146 16 1 1
34 34 1 1 1
66 42 112 1 52
52 1 1 42 42
65 1 1 1 1
1 1 1 1 1
51 1 1 130 1
1 1 1 1 1
1 1 53 1 1
1 130 130 1 1
1 1 1 1 1
1 1 53 1 1
1 1 1 1 1
1 1 1 1 1
1 59 59 59 59
11 11 25 17 15
13 17 109 30 25
15 15 25 15 15
30 17 147 1 1
34 1 1 65 65
1 1 65 1 34
34 1 59 1 1
1 1 1 1 1
6 6 6 61 61
7 20 20 20 15
15 20 20 20 1
1 129 34 1 1
1 1 1 129 34
52 65 1 1 42
34 34 65 52 1
42 42 1 1 1
1 1 1 52 52
1 1 1 1 1
1 1 1 1 1
1 1 1 1 1
51 51 52 53 53
53 1 1 1 1
1 52 1 51 1
1 1 1 52 1
1 1 1 1 1
53 53 42 1 42
42 42 53 1 1
1 42 53 103 148
0 93 91 150 149
152 68 69 91 196
150 13 150 151 204
87 100 69 89 83
68 18 15 152 13
153 103 154 118 87
155 69 156 69 16
157 158 150 73 69
158 143 154 154 150
103 93 159 0 93
158 158 150 16 160
16 36 161 162 69
163 99 164 165 103
150 158 152 69 69
69 166 18 167 168
169 18 170 160 171
72 171 75 72 16
16 16 16 156 16
171 172 173 0 100
174 88 88 22 22
0 175 22 0 69
69 68 75 16 99
99 108 69 89 176
69 136 69 160 69
164 18 80 16 16
16 156 111 111 18
89 173 177 103 105
178 17 17 0 96
179 154 18 89 89
180 18 18 18 18
18 181 182 89 89
89 183 89 89 183
151 151 83 151 184
151 81 108 74 185
151 0 0 186 83
83 83 187 94 68
188 18 18 18 0
153 81 189 190 190
46 0 68 158 150
73 73 100 100 93
88 86 86 13 13
13 13 191 192 193
167 16 16 149 149
103 76 103 18 99
103 194 195 100 16
0 110 157 75 0
18 132 87 29 196
69 78 69 132 78
16 171 197 197 198
196 84 148 148 16
156 68 16 0 15
1 1 5 121 56
6 6 5 6 56
56 56 6 6 16
199 81 16 145 185
0 171 150 16 13
200 0 13 93 48
13 184 23 18 154
72 72 13 16 161
72 13 0 18 72
184 92 20 201 72
20 89 23 23 185
185 161 29 171 99
201 18 168 168 93
0 72 74 145 108
0 74 20 202 16
23 69 16 18 99
18 18 18 16 81
29 16 16 16 16
16 16 16 16 0
161 74 161 203 110
183 72 0 93 99
29 154 16 16 16
0 203 92 25 25
25 188 15 188 184
204 74 74 110 0
205 110 154 203 171
74 48 13 13 24
13 52 1 1 1
1 1 52 1 1
1 1 225 1 1
1 1 1 1 1
1 1 1 1 1
1 1 1 44 1
1 1 52 1 52
1 1 1 1 1
1 1 1 1 1
1 1 1 1 1
1 1 1 1 44
1 1 1 1 1
52 1 1 1 1
1 1 1 1 1
1 1 67 1 1
1 1 1 1 1
43 1 1 1 1
1 1 1 1 1
1 1 1 1 1
1 1 1 1 1
130 1 1 1 1
1 1 1 1 1
1 1 1 1 1
1 1 1 1 1
1 1 1 1 130
1 1 1 1 1
1 1 1 1 1
1 1 1 1 1
1 1 1 1 1
1 1 1 1 1
1 43 51 1 1
1 1 52 1 1
1 1 1 51 52
52 1 1 1 1
1 1 1 1 1
43 1 1 1 1
1 1 52 52 1
51 1 52 1 1
1 42 1 52 1
1 1 1 1 1
1 1 54 42 42
1 67 1 1 1
1 1 1 67 1
1 1 42 1 51
54 54 1 1 1
1 1 1 1 1
1 1 1 1 1
1 1 1 1 1
1 1 1 1 1
1 1 1 1 1
1 1 52 1 1
1 52 52 52 1
1 1 1 1 113
113 1 42 42 1
1 113 42 42 1
1 1 1 52 52
52 1 1 1 1
1 1 1 1 42
52 52 1 130 1
1 1 1 51 52
1 67 53 1 1
1 1 1 1 1
52 1 52 1 1
1 1 1 1 1
1 1 1 1 52
52 52 52 1 1
1 1 1 1 1
52 1 1 1 1
1 1 1 1 1
52 89 73 206 202
46 106 184 48 207
89 46 105 85 73
98 72 73 206 73
0 134 48 69 75
206 72 207 108 149
72 183 158 158 158
132 105 72 132 132
89 208 48 202 69
69 89 134 134 190
209 209 190 86 69
210 158 158 150 150
150 150 158 158 134
203 158 211 212 81
136 81 106 95 108
106 106 108 133 155
155 0 133 136 210
210 0 210 210 210
73 73 163 163 213
16 16 149 105 149
195 195 195 195 132
73 73 69 0 1
1 58 11 6 58
58 60 6 57 6
5 6 11 6 6
6 13 193 20 193
32 1 140 1 1
1 51 1 42 1
1 1 1 1 1
1 1 1 52 1
53 1 42 1 1
1 1 1 1 1
67 1 1 43 52
1 1 51 1 52
52 52 52 1 1
1 1 1 1 1
1 1 1 1 1
1 1 1 214 51
1 1 1 52 51
1 1 1 1 1
53 1 1 1 53
1 67 51 53 1
1 1 52 1 1
1 1 1 51 1
51 1 1 1 1
54 54 1 1 1
1 51 1 42 52
52 1 1 52 54
1 1 114 1 1
114 1 52 1 52
52 1 51 52 52
52 1 54 54 67
1 1 1 1 1
1 1 1 1 51
1 1 1 1 1
1 1 52 130 1
1 1 52 1 1
52 1 1 1 1
1 52 51 1 1
1 1 51 51 1
1 1 1 1 1
1 1 1 1 1
1 1 1 1 1
1 67 1 67 1
1 1 1 1 54
1 1 1 1 1
1 1 1 1 1
1 52 52 54 54
52 1 1 1 1
1 1 1 52 52
1 1 1 1 43
1 1 52 52 1
1 1 1 1 1
1 1 1 1 43
52 1 1 1 1
1 67 43 1 1
51 1 52 1 52
1 1 1 1 1
1 1 1 51 1
1 52 52 1 1
1 1 1 1 1
1 1 1 1 1
1 1 1 1 1
1 1 1 52 1
1 1 1 1 1
1 1 1 1 6
6 6 11 1 11
5 6 11 1 6
61 61 6 5 5
6 6 5 6 6
6 6 6 6 6
6 55 121 6 3
6 11 11 21 215
139 103 37 68 18
15 18 216 15 37
0 103 15 18 13
68 15 18 217 167
15 167 15 218 103
27 18 27 15 18
28 47 16 215 15
16 103 0 219 15
15 103 103 18 18
219 18 103 18 180
40 15 15 15 218
81 36 220 220 0
15 13 13 103 16
1 34 1 43 1
34 1 1 1 1
1 1 42 221 51
1 1 34 1 1
1 1 43 1 1
1 34 34 1 1
53 1 42 42 52
1 1 1 42 1
1 42 141 1 52
51 129 1 51 52
52 52 52 52 52
53 1 1 141 141
42 1 1 0 1
1 65 1 1 1
1 1 1 1 1
1 1 1 1 1
1 141 1 1 34
34 129 1 1 1
1 1 1 1 1
1 1 34 1 1
1 1 34 52 52
1 1 1 1 1
53 1 1 1 1
1 1 52 1 1
1 1 1 53 1
1 130 1 130 1
1 1 1 1 52
52 42 1 1 1
1 1 1 1 1
53 1 1 1 54
1 52 1 1 1
1 1 1 1 1
1 1 52 1 1
1 1 1 1 1
1 1 54 52 1
1 1 1 1 1
114 1 42 42 42
113 116 1 1 1
42 53 113 113 113
1 42 42 113 42
42 1 42 53 53
113 42 42 42 42
42 53 42 42 1
42 42 42 1 42
1 42 53 53 42
53 53 42 42 53
53 42 1 42 42
113 113 53 42 42
42 42 42 42 53
53 53 53 42 1
113 42 42 53 113
53 42 42 113 42
1 42 42 42 42
1 1 42 42 113
1 42 1 1 113
1 42 1 42 1
1 1 1 1 1
42 42 1 42 6
3 6 5 6 10
10 11 6 6 6
5 11 61 3 6
58 6 4 11 58
6 11 6 6 61
6 4 4 4 1
1 1 6 11 5
6 58 6 6 6
58 6 10 5 5
5 3 6 6 5
3 1 1 1 1
1 1 1 1 122
1 1 1 19 32
32 110 222 1 1
1 1 123 1 1
1 1 1 1 15
1 223 1 1 1
1 1 1 1 1
7 0 7 6 6
15 42 34 1 42
1 126 2 224 224
11 11 11 11 11
11 6 11 11 6
42 42 1 53 42
42 1 42 42 42
42 42 1 1 1
1 1 1 53 214
52 51 51 1 1
1 1 1 53 52
42 1 51 1 1
1 52 1 1 42
1 1 1 52 1
52 1 1 1 1
1 1 51 1 1
1 53 53 1 1
1 53 1 52 1
1 1 1 1 42
42 42 140 42 140
140 42 42 221 34
92 20 68 15 92
20 20 20 83 68
25 25 25 152 152
152 152 27 15 26
27 34 1 34 1
1 1 1 1 43
34 1 1 1 1
1 1 1 1 1
1 0 1 1 1
34 1 42 1 1
1 1 1 1 6
6 10 6 6 1
1 1 0 1 223
1 1 1 1 1
1 1 1 1 1
0 1 1 58 11
6 6 11 5 6
6 11 11 5 5
5 5 5 11 11
11 6 58 6 55
58 58 11 11 5
11 0 11 11 6
6 6 6 6 55
6 11 6 10 61
1 61 42 1 42
42 141 1 42 1
42 42 1 68 27
13 52 52 52 44
44 15 15 252 201
201 44 44 1 1
1 1 1 1 1
1 225 225 1 1
1 1 1 1 1
1 6 1 6 15
21 27 30 20 20
14 20 15 27 21
30 226 30 13 34
1 1 42 1 1
34 1 1 1 1
1 1 1 61 227
6 6 61 6 6
1 11 5 6 57
1 6 1 6 6
6 6 5 5 6
6 81 13 212 103
27 18 68 18 28
269 136 25 81 200
28 150 228 150 91
229 27 76 150 17
100 29 20 108 15
108 228 81 74 19
74 195 0 68 0
27 20 20 103 83
154 15 230 47 21
13 13 25 13 13
18 195 17 109 183
42 1 43 1 43
1 65 42 42 1
1 1 42 34 1
1 1 1 201 25
201 27 92 92 92
44 152 231 231 139
32 152 152 15 1
1 1 1 1 1
44 1 1 68 21
21 1 1 1 1
1 1 1 1 1
1 6 6 6 6
3 6 3 6 6
6 6 58 3 61
61 6 6 3 6
11 6 6 6 58
6 11 11 6 11
11 11 1 1 1
11 11 58 11 11
1 223 1 1 1
223 1 1 1 1
1 1 1 6 11
11 11 6 11 6
11 0 11 11 11
6 6 6 7 6
7 11 11 6 1
11 6 11 11 8
11 11 141 42 42
1 6 1 1 61
6 6 1 42 1
53 42 42 113 53
53 42 53 42 1
42 42 42 1 1
1 42 1 1 116
53 42 42 42 1
1 1 1 116 53
53 53 53 1 1
42 42 53 1 1
1 1 42 42 42
42 1 1 1 42
42 1 42 1 1
53 1 1 1 53
53 1 1 42 1
42 53 42 42 42
1 42 42 1 1
42 42 42 53 53
1 1 1 42 42
53 1 53 53 53
53 1 1 53 1
113 42 42 42 42
42 42 1 53 1
1 1 1 1 1
1 1 1 1 1
1 1 1 1 6
6 6 6 6 11
6 6 6 7 6
6 6 6 1 1
6 6 121 6 6
6 6 6 6 6
11 11 11 42 1
1 52 1 1 43
42 1 1 1 1
1 1 1 1 1
113 42 42 1 43
1 42 52 52 42
42 1 1 1 1
1 1 1 128 1
1 1 1 43 43
1 42 42 113 42
1 53 113 1 1
42 53 42 42 113
42 42 1 1 42
1 42 42 1 42
1 53 1 1 42
1 42 42 42 42
42 42 116 42 113
42 42 53 42 42
42 53 116 116 1
42 1 1 53 1
1 1 116 1 42
116 42 42 116 42
42 42 42 42 1
1 1 42 42 42
1 42 42 1 1
42 42 1 42 42
1 42 42 42 42
42 42 113 1 42
1 1 1 1 53
113 1 42 42 42
42 1 1 42 1
53 53 53 1 1
1 1 1 1 1
1 1 1 1 1
1 1 1 1 1
59 1 1 6 1
6 6 6 6 7
1 6 6 1 1
6 1 1 1 15
15 15 20 25 15
25 25 27 13 15
20 20 15 37 25
15 15 226 119 119
15 15 0 0 15
15 20 226 15 232
25 15 15 13 13
27 13 27 27 13
1 42 42 1 42
1 53 1 53 53
34 1 1 1 1
42 1 65 1 42
1 1 1 1 42
34 1 141 1 1
42 42 42 52 42
53 42 53 129 1
42 129 1 42 42
1 1 1 1 1
1 42 42 1 1
1 1 54 1 1
113 1 34 34 34
34 34 51 42 1
1 1 1 1 1
42 1 1 65 1
1 1 1 42 1
1 1 1 1 42
141 113 42 1 1
42 42 42 42 42
42 42 1 42 42
42 42 42 1 1
53 113 42 53 116
1 53 53 42 116
42 42 42 42 42
42 42 1 1 1
113 42 42 113 53
1 53 1 53 1
1 42 53 1 42
1 53 42 42 53
53 42 42 42 42
53 53 53 42 1
42 53 53 1 42
42 42 42 53 53
1 1 53 42 53
42 42 53 1 1
53 42 42 42 42
42 42 42 42 42
1 1 42 1 113
42 53 53 1 1
113 42 53 42 42
1 42 42 53 53
53 53 53 1 1
53 53 113 42 113
53 1 113 42 42
42 113 42 42 1
42 1 53 53 1
1 53 53 1 113
42 42 42 1 1
1 1 42 42 42
42 42 42 42 53
42 1 1 42 1
61 1 7 1 6
61 1 1 6 15
13 20 32 15 15
15 137 20 25 25
187 15 15 15 83
109 52 1 42 1
43 43 1 113 1
1 1 42 42 126
43 43 113 6 11
6 5 16 25 13
16 16 42 42 1
221 42 42 114 42
42 42 1 42 6
56 5 5 5 5
5 5 120 6 6
5 56 6 1 1
1 1 1 6 56
6 6 6 6 6
6 1 5 5 5
5 5 5 120 6
52 123 141 42 1
1 1 1 42 42
42 42 42 42 53
53 53 53 1 42
42 42 1 53 1
1 53 1 113 53
1 53 42 42 53
53 42 42 42 42
53 1 42 42 42
42 42 42 42 42
42 53 42 53 42
42 42 53 53 53
42 42 53 42 42
42 42 42 42 42
53 1 1 42 42
53 15 15 1 1
1 1 1 42 1
1 42 1 1 42
1 1 1 42 42
1 42 52 1 1
1 1 42 42 42
1 1 1 1 1
1 52 52 1 42
1 1 1 1 1
1 1 1 1 1
1 1 52 54 1
1 42 1 1 52
42 1 1 1 1
1 42 54 1 1
52 52 52 52 42
1 1 42 1 1
1 1 1 54 1
1 1 1 42 42
42 1 1 1 1
1 1 1 1 42
1 42 42 1 42
53 1 116 53 1
53 53 1 113 42
53 1 42 113 42
42 42 42 53 53
113 53 1 42 1
42 1 1 1 1
53 42 42 1 53
1 1 1 42 42
42 42 42 42 42
42 1 1 1 42
42 1 1 1 42
1 42 42 42 42
42 42 1 1 42
42 1 1 1 42
1 1 42 42 42
42 1 1 1 1
1 1 51 1 1
1 1 1 1 1
1 1 1 1 1
1 1 1 42 51
1 1 1 1 1
1 1 1 42 1
42 42 42 42 1
1 1 1 1 1
53 42 42 42 42
53 1 42 53 53
1 1 1 42 42
42 53 53 53 53
1 42 42 42 53
1 42 42 1 42
42 42 53 116 42
42 1 42 1 1
1 42 42 1 42
42 42 42 42 42
1 42 42 42 42
1 1 1 1 1
42 1 1 42 1
42 42 42 42 1
1 42 113 42 53
1 42 42 42 53
42 42 42 42 1
1 1 1 1 1
116 42 1 42 113
1 42 42 53 42
116 42 42 42 1
113 113 113 53 42
42 1 42 42 53
1 1 42 42 53
42 42 53 113 113
1 1 116 42 1
42 1 113 42 42
1 1 42 42 42
42 42 42 42 42
42 1 113 1 42
42 1 42 42 42
42 42 53 53 42
42 1 42 53 42
42 53 53 53 53
53 1 1 53 1
1 42 42 42 42
1 42 42 42 42
42 42 42 113 42
53 1 1 1 1
42 42 42 42 1
1 1 53 1 1
42 42 42 42 53
1 1 42 42 42
113 1 42 116 1
1 1 42 42 42
1 113 42 42 42
53 53 42 42 1
1 42 42 1 1
42 42 1 42 42
116 116 42 42 42
1 42 116 113 42
113 113 42 42 53
42 42 1 42 42
1 1 53 53 1
1 113 113 42 1
42 1 42 53 42
42 116 53 1 1
1 1 1 53 1
42 1 42 42 42
42 1 1 1 1
1 1 53 53 1
1 1 15 27 15
139 15 34 144 1
1 42 42 42 1
1 1 42 42 42
1 42 42 42 34
1 42 1 34 34
34 34 6 6 52
1 141 128 1 1
52 52 53 1 1
51 1 1 1 52
1 1 1 1 1
1 52 53 53 1
1 1 1 1 1
1 1 1 1 1
1 1 1 1 53
1 1 1 1 1
1 1 54 1 1
1 1 51 1 1
253 11 55 6 6
58 6 6 5 6
5 5 11 11 227
6 5 15 27 30
154 109 30 30 25
25 18 18 68 30
15 27 27 15 15
15 109 25 42 1
1 1 1 34 302
42 1 1 42 42
52 52 42 1 42
34 42 1 52 1
1 1 1 54 114
1 1 1 1 1
1 1 1 1 52
1 1 1 1 52
1 54 52 52 1
1 1 130 1 54
51 1 1 1 1
1 1 1 52 52
1 1 52 1 1
1 52 1 1 1
1 1 1 1 1
1 67 1 1 1
52 1 1 1 52
52 1 67 1 1
1 1 1 1 1
1 1 1 1 1
1 1 1 1 52
52 51 1 1 1
1 67 52 1 1
1 1 52 1 1
1 1 52 1 1
1 1 1 1 1
1 1 1 1 1
1 52 52 1 1
1 1 1 1 1
1 52 52 52 52
42 1 1 1 1
1 1 1 1 1
53 18 1 53 1
1 53 1 51 1
1 1 52 1 51
52 52 1 1 1
1 1 1 1 52
1 1 1 1 1
52 1 1 52 52
1 52 52 1 1
1 1 1 1 1
1 52 52 52 1
1 1 1 1 1
1 1 1 1 1
52 1 1 52 1
1 1 1 1 1
1 1 1 1 1
1 52 52 1 1
1 1 1 1 52
1 1 1 1 1
1 1 1 1 1
1 1 1 1 1
1 1 52 1 52
1 1 1 1 52
52 52 1 52 52
52 1 1 1 1
1 1 1 67 130
130 130 130 1 1
1 1 1 1 1
1 1 1 1 1
1 52 1 1 1
1 1 1 1 1
1 1 1 52 1
1 1 1 1 1
1 1 1 1 52
1 1 51 1 1
1 1 1 1 1
1 1 112 1 1
51 1 52 1 1
52 1 52 52 51
52 127 1 1 1
1 1 52 1 52
1 1 53 43 1
1 1 1 52 51
1 1 1 52 1
1 1 1 43 51
1 1 51 51 51
1 1 1 1 1
52 1 1 1 52
1 1 1 1 1
1 1 1 1 52
1 1 1 1 1
1 52 1 1 1
1 1 1 1 1
1 1 1 1 1
1 1 1 1 1
1 1 1 1 1
52 1 52 1 1
1 1 52 1 1
1 1 1 1 1
1 1 1 52 1
1 1 1 1 1
52 51 1 1 1
1 1 1 1 1
1 1 1 1 1
52 52 1 1 1
110 119 15 119 118
15 15 20 110 110
110 1 1 1 1
1 1 1 1 1
1 1 52 1 1
1 1 1 1 1
1 1 52 1 1
1 1 1 34 83
156 187 150 173 72
18 233 161 74 103
68 234 0 0 125
18 95 18 16 16
16 16 81 32 32
32 156 89 203 89
68 68 47 81 134
38 22 87 235 19
179 83 91 91 89
69 236 74 69 18
108 103 77 181 124
181 15 15 237 72
119 238 18 1 1
43 1 1 52 1
43 1 1 1 0
1 43 25 72 72
81 230 78 171 18
92 25 72 150 0
72 99 171 239 160
16 24 23 0 23
99 99 119 92 72
72 108 18 18 23
201 20 25 201 0
25 23 92 24 24
50 108 69 98 98
98 81 88 81 88
78 78 78 15 321
134 134 150 184 25
25 25 119 119 119
119 48 48 69 99
239 240 99 99 0
49 20 0 20 18
25 25 18 18 15
81 23 241 241 92
92 108 242 242 109
73 16 1 1 1
1 52 1 43 1
1 1 1 1 1
1 1 52 1 1
1 1 1 1 1
1 1 1 1 1
1 1 1 1 1
1 52 52 1 1
1 1 1 1 1
1 1 1 1 1
1 1 1 1 1
1 1 1 1 1
1 1 1 1 1
1 1 1 1 1
1 1 52 44 0
1 0 1 52 1
1 1 1 1 1
1 1 43 1 52
43 1 1 1 1
1 1 1 1 1
1 1 1 214 1
1 43 1 1 43
52 1 1 1 1
43 1 1 1 1
1 1 1 1 1
52 43 52 1 1
1 1 1 52 1
1 1 1 1 1
1 1 1 1 43
1 43 43 1 1
52 1 52 1 0
1 1 52 52 52
1 1 1 1 1
1 1 1 1 42
1 1 52 1 1
1 1 1 1 54
1 52 1 1 1
1 1 1 1 1
1 1 1 1 1
1 1 1 1 1
1 1 1 52 1
176 238 89 243 89
164 242 171 89 243
244 242 238 242 171
171 89 89 150 213
150 213 150 163 163
213 163 242 242 170
84 162 245 245 207
243 192 212 245 245
192 192 244 243 207
242 150 154 154 69
0 22 85 68 152
74 15 189 69 74
69 74 89 152 69
22 89 162 217 101
74 75 68 89 134
69 68 81 100 16
69 158 22 81 22
22 0 204 74 68
68 69 105 111 105
149 18 18 18 18
125 169 169 118 69
48 125 48 69 48
69 48 0 74 74
246 89 158 81 211
111 69 17 74 74
162 111 16 16 16
42 42 123 122 0
0 0 0 0 0
5 6 6 6 6
6 6 5 9 6
6 6 6 58 58
6 6 11 11 11
247 247 247 247 247
247 1 224 224 248
0 248 1 1 1
2 2 1 1 1
1 6 6 6 9
61 6 61 9 11
9 6 9 61 6
6 6 61 6 61
6 5 5 5 6
6 6 61 6 61
6 6 6 6 9
10 6 11 6 11
11 11 6 6 6
1 1 1 1 1
1 2 6 11 6
11 6 6 5 6
6 6 6 6 2
1 0 1 6 10
1 6 6 0 115
115 115 2 2 223
1 1 0 1 1
1 1 1 1 1
1 1 1 1 0
59 59 6 6 6
6 1 6 6 11
6 6 6 6 6
6 6 6 6 58
6 6 6 1 6
1 1 8 6 6
6 6 9 6 6
11 11 6 9 6
11 6 6 6 1
1 151 18 69 68
25 74 103 151 49
72 49 157 22 68
18 22 18 68 249
89 250 68 74 81
108 190 249 81 103
18 72 88 22 22
124 0 98 18 18
18 16 16 75 75
160 160 16 18 16
16 18 16 16 18
89 81 18 103 251
18 73 72 81 183
183 183 82 77 108
108 108 72 329 150
232 0 232 18 103
103 13 13 13 76
81 18 18 18 81
68 76 124 146 150
25 119 76 75 68
68 13 68 75 75
73 69 73 0 1
1 1 43 1 43
1 1 1 43 43
1 1 1 1 1
1 1 43 43 1
1 1 1 1 1
122 1 1 1 1
1 1 43 43 43
1 1 1 1 1
6 1 5 6 57
5 6 5 5 61
5 1 121 6 57
1 1 6 6 227
6 6 6 6 6
9 0 5 5 5
5 6 6 55 6
121 121 44 25 25
44 35 92 92 44
44 25 25 15 15
15 15 15 15 44
1 1 1 1 1
1 1 1 1 1
1 1 1 1 1
1 1 53 1 1
1 1 1 1 52
1 1 1 1 1
1 1 1 1 1
1 52 53 1 1
1 1 1 1 1
1 1 1 1 52
52 1 1 1 1
1 1 1 1 1
1 1 1 1 114
1 1 1 1 1
1 1 1 1 3
11 6 5 6 3
11 6 58 58 6
11 6 1 1 1
6 6 11 11 11
6 6 5 6 6
6 6 6 58 58
58 5 58 6 6
6 6 6 3 5
3 6 6 11 11
1 11 1 6 6
4 7 6 11 3
6 3 6 61 7
7 6 6 11 11
4 6 6 58 58
61 6 6 6 1
1 1 1 59 1
1 1 63 1 1
1 60 6 6 63
7 7 7 7 1
1 1 6 60 0
60 6 6 0 63
141 1 0 1 141
1 64 0 2 11
6 6 6 7 6
7 6 1 1 1
1 1 6 7 61
61 61 61 10 6
1 1 0 1 1
1 1 6 1 6
6 6 6 6 6
6 6 1 1 1
1 1 6 6 6
5 6 11 6 6
11 6 6 1 6
6 6 6 6 6
5 5 5 5 1
1 6 1 6 6
6 6 6 6 6
6 5 5 6 5
5 5 6 11 6
5 5 5 5 11
5 5 6 5 23
15 15 45 15 44
0 0 26 0 252
13 13 13 44 1
1 1 44 1 1
1 44 44 1 1
1 1 253 253 1
6 120 184 16 151
68 25 111 137 21
148 148 249 21 81
16 21 215 111 148
86 81 72 89 135
75 16 254 72 255
30 72 160 232 82
82 89 89 156 18
256 16 181 16 16
16 146 81 151 81
16 32 68 30 15
86 110 137 137 167
13 119 15 68 21
83 111 18 81 19
111 111 16 87 148
46 68 1 1 1
1 1 1 141 43
1 1 1 1 34
0 1 1 1 1
11 1 5 11 6
5 11 11 1 5
11 227 5 5 1
1 1 1 6 227
6 6 6 6 5
5 5 5 5 5
227 6 6 6 6
6 5 5 5 5
5 227 11 5 1
1 1 57 56 56
1 1 1 1 1
11 1 10 11 6
1 1 1 1 1
1 1 1 1 1
1 2 58 1 6
9 61 6 1 6
6 6 11 11 58
6 3 3 6 7
1 1 11 1 5
6 6 3 58 58
6 6 6 6 6
3 6 1 11 6
7 3 6 1 1
10 1 11 11 61
5 11 11 61 11
61 5 1 1 6
6 6 6 9 6
6 10 58 3 6
6 6 6 6 6
6 3 5 6 20
0 201 20 25 43
1 42 43 1 1
1 1 1 42 1
1 1 1 1 42
141 1 1 1 1
1 42 43 0 1
1 1 141 141 43
56 3 56 5 6
6 5 5 5 5
6 6 6 5 5
56 56 1 1 1
1 1 56 11 11
1 56 56 120 11
11 6 110 37 30
20 1 1 1 1
1 1 1 1 1
1 6 6 11 1
1 1 59 1 1
2 1 1 1 1
1 1 1 1 59
1 1 1 0 2
11 11 6 11 6
3 4 61 9 58
6 6 3 6 1
61 5 6 6 6
6 6 6 1 1
1 7 3 7 1
61 10 1 6 6
6 5 6 58 6
6 3 6 6 6
6 9 9 6 11
16 25 20 15 32
75 20 16 27 13
32 18 18 15 13
13 32 32 20 249
16 119 15 68 20
81 20 124 47 68
68 32 16 16 27
0 23 0 1 1
34 1 1 1 1
1 1 1 1 1
1 1 1 1 1
1 1 1 1 1
1 1 1 1 126
1 1 140 140 1
65 65 1 1 1
1 1 1 1 1
1 1 42 1 1
43 43 1 1 42
1 1 6 6 6
6 6 61 61 62
6 6 6 6 6
5 6 6 5 6
6 6 6 6 5
5 5 5 6 6
6 11 11 6 6
5 5 5 5 5
6 6 6 6 6
6 6 6 6 6
6 1 6 58 5
5 58 6 11 11
6 6 6 20 20
20 257 20 1 1
1 1 11 6 5
1 6 6 6 6
6 58 58 58 58
11 11 9 0 8
6 5 6 3 3
6 6 1 1 1
42 52 1 42 42
42 52 1 42 42
42 1 42 1 1
52 11 11 6 6
6 6 8 6 11
11 11 11 11 6
6 6 121 6 6
58 5 6 6 6
6 6 5 5 11
11 11 11 11 11
1 1 1 1 1
1 1 1 11 6
6 6 11 11 6
6 6 107 154 228
258 150 84 212 83
38 150 259 197 150
244 134 179 16 179
78 260 78 83 244
295 151 196 261 205
136 78 260 136 136
262 136 78 91 93
200 263 93 83 228
264 150 18 29 18
0 264 262 264 264
91 96 132 78 78
265 186 154 266 258
150 179 18 132 103
16 186 186 96 96
205 150 16 182 16
16 264 132 16 93
93 93 93 93 93
100 100 100 93 93
150 150 150 150 161
267 267 100 205 266
266 205 205 197 258
268 258 242 268 258
258 242 16 154 191
179 179 150 150 179
16 16 16 179 186
154 136 212 100 100
179 154 154 100 83
83 83 83 83 0
18 272 136 136 240
212 212 29 151 269
0 151 151 270 93
200 93 237 205 102
266 38 238 78 91
196 266 83 271 93
260 154 326 150 150
179 179 83 18 18
18 18 18 187 222
222 187 29 245 16
16 29 29 29 29
29 29 29 29 0
272 272 0 0 100
100 0 100 100 190
170 0 190 162 150
273 91 161 162 240
150 161 162 102 0
150 179 0 161 150
161 154 154 154 154
175 154 200 274 274
274 274 274 308 275
265 265 265 275 276
265 276 275 96 186
0 107 272 205 261
277 277 186 273 38
196 107 107 107 261
271 107 261 261 191
136 84 261 260 38
0 0 84 84 260
237 78 78 196 196
0 84 205 205 205
205 87 87 176 176
176 210 210 18 18
18 18 171 267 278
171 260 260 171 0
171 260 260 171 171
260 260 228 279 280
183 16 16 16 16
272 272 16 150 89
89 89 281 262 125
182 99 99 117 282
167 281 282 281 103
182 94 94 94 281
0 262 182 17 154
154 156 100 202 81
18 148 196 0 17
119 148 68 222 68
16 135 68 103 68
119 156 154 16 87
83 0 196 212 71
102 161 256 103 246
89 81 117 81 151
151 19 151 19 283
19 203 237 203 22
330 161 203 228 196
85 83 22 119 117
119 119 68 68 18
18 18 18 108 212
81 246 185 16 156
282 16 99 99 255
148 154 154 102 185
193 193 196 87 87
69 202 16 82 83
100 135 135 16 16
17 69 68 178 178
68 117 15 0 203
15 0 16 193 15
16 270 15 0 18
87 16 119 158 0
110 16 117 18 18
181 16 119 103 103
117 32 32 137 187
16 148 148 83 83
146 151 151 19 0
19 284 153 151 270
146 68 68 181 117
193 15 15 161 16
150 150 150 150 91
89 89 89 89 87
156 110 119 110 119
16 110 119 117 103
40 16 16 171 234
205 171 146 16 0
24 100 81 22 171
38 0 78 0 0
171 16 16 18 16
0 146 81 124 124
40 0 24 68 0
119 329 16 16 285
195 22 185 22 190
36 161 154 47 150
16 68 91 83 83
150 91 150 246 154
16 16 16 154 18
18 16 16 18 13
18 68 68 146 68
68 146 21 146 68
68 16 18 16 16
16 16 16 154 286
154 100 100 100 100
100 287 151 151 68
287 150 91 330 162
0 272 261 0 0
93 271 242 164 258
29 205 0 161 161
261 38 0 83 321
16 124 287 100 100
18 15 263 320 260
18 16 16 215 161
154 18 16 260 93
272 119 74 74 68
16 213 69 16 100
36 161 93 107 18
18 18 18 109 84
84 204 16 18 16
193 18 84 0 69
76 0 13 132 132
263 16 84 171 16
16 16 16 16 16
16 16 16 16 16
16 16 16 16 16
16 16 16 16 16
16 16 16 16 158
158 323 100 288 183
16 48 94 48 93
161 94 93 93 18
158 16 94 158 154
158 222 83 83 100
87 48 69 183 183
181 94 74 0 251
251 74 210 22 88
16 16 89 89 89
89 89 16 291 289
94 270 94 69 154
100 288 288 175 0
29 171 29 93 134
187 0 190 16 16
16 74 99 69 180
18 13 103 18 194
48 74 166 99 103
16 16 16 156 16
16 18 202 99 103
193 193 16 16 105
105 74 0 284 82
82 13 13 16 18
16 16 16 16 16
18 13 83 15 156
8 8 5 5 6
6 6 5 6 108
108 142 152 152 152
6 6 6 5 59
16 156 15 15 185
27 16 27 13 83
234 100 15 15 47
193 15 15 27 22
254 16 32 103 15
15 27 27 20 13
15 15 25 25 15
15 38 68 21 30
15 13 13 13 16
16 83 27 40 156
146 28 1 1 42
1 53 1 1 1
52 1 1 1 42
1 1 52 1 52
1 1 1 1 54
42 43 43 43 1
1 1 42 1 42
1 1 1 43 42
52 1 52 43 1
1 1 1 43 1
43 1 1 1 1
1 1 6 6 6
6 42 34 34 42
42 113 42 42 113
42 42 1 42 42
113 42 42 42 42
42 42 42 1 1
1 1 1 1 1
1 1 42 1 1
1 1 1 1 1
1 1 1 51 1
52 52 52 127 1
1 1 53 1 1
1 1 1 67 1
1 1 1 1 1
51 1 1 1 1
1 127 1 51 67
1 1 1 1 53
1 1 1 1 1
1 1 1 1 1
1 1 1 1 1
1 1 52 127 127
1 1 1 1 51
11 11 11 5 5
6 5 6 11 11
5 5 6 6 3
3 3 9 5 58
58 58 58 6 11
11 6 6 3 5
224 3 1 3 3
10 6 10 32 21
20 13 42 1 1
1 1 1 59 179
83 68 75 168 92
254 72 44 0 72
72 109 30 30 30
290 68 31 15 154
13 89 103 13 13
32 137 183 16 1
1 65 1 1 42
1 65 42 1 34
1 1 1 1 1
20 20 188 0 15
13 20 14 25 25
40 156 156 40 40
15 15 15 140 140
140 13 20 156 13
15 20 34 156 156
13 15 13 140 1
1 34 1 43 1
1 1 146 146 1
1 1 42 42 121
6 6 5 10 56
5 110 34 16 68
201 21 185 146 146
25 25 110 1 1
112 1 1 1 1
54 111 111 49 16
20 15 309 69 110
15 15 46 44 16
75 48 48 81 149
195 142 89 20 153
15 15 219 219 156
0 0 184 68 68
81 49 47 235 47
210 210 69 148 148
291 18 89 89 0
291 125 0 13 119
13 16 16 49 1
1 1 1 34 34
1 1 126 1 59
30 15 15 25 20
31 15 15 25 15
15 109 34 34 34
1 1 34 34 6
6 6 1 1 1
1 1 1 1 1
1 1 1 1 1
1 1 1 1 1
1 1 1 1 1
1 1 1 1 1
1 1 1 1 1
150 260 250 27 29
16 91 20 15 161
219 16 77 81 81
27 146 158 151 154
20 154 109 68 292
83 91 13 15 93
158 158 16 25 15
246 226 154 39 39
18 25 290 40 40
156 32 32 77 156
293 280 16 18 138
93 18 83 215 1
1 1 1 1 81
294 71 48 235 0
149 48 108 69 202
48 139 139 110 44
48 0 108 15 202
110 184 216 13 15
15 235 95 132 81
95 27 110 69 220
149 0 44 110 149
195 195 44 1 1
1 1 1 1 1
1 1 32 1 1
1 143 16 177 1
1 1 0 210 34
1 1 1 1 53
53 1 1 1 1
113 1 1 1 1
113 1 1 1 1
52 51 1 1 1
1 1 1 1 1
1 1 1 127 1
1 1 1 1 1
1 52 1 1 1
127 127 1 1 52
1 1 1 1 1
1 1 1 1 1
1 1 1 1 1
52 51 18 16 16
82 16 255 16 255
82 82 74 16 282
282 74 282 82 82
82 16 16 103 103
282 255 74 0 15
6 18 18 16 42
42 53 53 53 42
116 42 42 53 1
42 42 42 42 37
15 15 37 1 1
1 1 1 1 1
1 1 34 1 1
1 1 1 1 1
1 1 1 1 52
1 1 1 1 1
1 1 1 53 1
42 42 1 1 1
1 1 42 1 1
1 1 1 42 1
1 86 53 1 53
53 53 53 53 53
113 53 53 53 53
53 53 53 1 1
42 1 42 42 42
53 1 1 1 1
1 1 1 53 53
1 1 1 1 1
134 150 230 0 100
289 0 258 134 197
78 0 203 203 230
230 296 289 196 266
266 295 198 78 78
78 78 134 38 134
289 0 283 0 296
150 150 179 178 268
0 283 296 283 198
15 18 139 103 15
13 1 1 1 1
1 158 94 264 264
175 154 154 29 171
29 100 242 242 264
264 264 93 29 100
93 171 171 171 171
171 171 171 171 171
171 102 102 102 29
29 100 100 100 159
93 93 158 158 158
154 154 93 0 93
93 100 158 1 1
18 89 235 0 95
1 1 1 1 1
1 1 6 6 6
58 81 235 6 0
6 93 213 150 134
150 29 93 213 213
213 213 38 205 266
135 297 38 298 266
258 0 0 297 78
78 78 267 267 134
38 38 289 299 289
29 100 93 91 91
91 213 93 93 150
150 150 29 299 266
266 299 93 100 298
205 198 300 134 38
198 205 89 163 100
87 150 83 0 83
151 18 268 197 150
286 268 197 295 78
85 190 190 190 87
87 87 87 213 150
150 0 151 151 176
89 89 286 18 18
18 18 18 286 86
190 132 132 72 212
100 91 186 91 91
91 38 38 83 100
196 267 38 211 100
267 96 96 196 196
298 212 100 100 91
196 91 91 264 91
267 262 96 267 267
267 38 38 83 83
38 38 38 38 83
96 211 298 38 267
29 83 89 38 196
29 91 100 100 267
38 91 91 100 29
267 196 154 93 0
275 196 196 196 267
196 161 267 161 161
38 136 135 100 100
100 93 100 150 0
93 150 264 91 91
83 83 259 246 93
93 93 158 93 265
0 265 5 5 6
6 248 6 6 5
6 6 6 6 6
6 6 6 6 6
6 6 6 6 6
6 6 6 6 6
6 6 6 253 6
6 58 58 3 5
58 11 11 3 6
6 0 0 0 0
0 0 301 301 301
0 6 6 6 6
6 6 6 6 11
6 11 6 58 58
6 1 6 11 3
11 11 1 1 1
1 1 1 302 11
6 11 6 6 6
6 11 6 6 6
6 6 6 6 121
121 6 6 6 6
121 6 6 135 29
161 278 154 260 260
29 100 260 101 261
276 265 261 261 265
276 271 271 261 101
101 274 0 303 274
0 260 260 260 79
228 161 228 161 161
161 29 136 29 136
29 100 100 100 100
100 93 100 93 93
93 0 93 158 158
158 154 154 274 261
95 15 25 25 25
25 25 15 15 15
34 18 20 108 103
40 15 13 15 202
13 110 40 13 202
15 18 13 108 20
202 16 131 15 108
108 110 32 110 16
108 110 18 20 20
105 32 32 32 32
40 32 32 40 40
16 282 16 282 16
282 16 282 282 103
282 16 103 103 18
18 103 18 18 18
18 18 18 18 18
16 16 16 15 202
15 15 0 15 20
20 20 20 15 110
15 15 15 15 15
15 133 110 152 110
166 166 16 166 16
16 131 139 139 139
108 108 304 18 139
15 202 304 13 108
108 108 108 282 15
20 20 15 1 100
276 91 305 93 91
274 91 272 288 100
161 272 161 158 93
271 272 276 158 306
277 274 271 0 271
277 272 272 272 272
272 0 274 303 0
107 303 303 303 303
303 228 228 288 161
29 288 161 161 29
29 29 29 29 100
100 100 91 93 93
93 93 158 158 158
158 94 280 154 154
93 196 196 212 222
134 100 211 78 196
196 134 134 100 148
179 266 266 266 266
78 78 196 134 134
78 134 134 38 134
134 134 211 212 212
100 19 151 151 151
150 151 150 0 179
83 179 154 179 306
100 273 100 233 100
286 175 29 271 102
150 213 260 29 175
264 273 171 29 93
102 29 29 29 29
100 213 100 270 93
150 286 271 271 307
171 260 171 171 306
1 1 1 1 1
1 261 272 171 171
171 245 205 84 164
164 158 91 150 171
171 101 272 272 158
29 265 308 272 242
205 205 84 205 84
84 171 84 171 171
102 164 102 102 164
29 172 29 245 213
213 176 150 150 259
150 150 246 158 246
213 261 0 261 100
83 264 93 94 94
100 175 16 94 0
288 93 100 100 271
271 175 307 274 307
271 274 260 260 288
100 29 29 93 93
93 158 158 158 158
158 264 83 83 158
94 94 94 94 16
264 16 264 186 16
94 100 171 83 93
261 0 29 100 100
100 100 100 100 100
158 158 158 158 158
264 83 264 83 83
94 94 94 94 186
16 264 294 72 82
71 309 71 82 71
72 71 309 309 309
119 119 103 103 0
74 42 69 69 18
69 82 255 105 76
82 105 69 82 105
255 74 210 82 82
69 76 18 18 74
69 74 69 105 105
105 69 82 82 82
76 76 82 76 76
76 76 0 103 255
103 103 18 18 1
42 42 53 42 1
42 53 1 53 53
1 53 53 53 53
1 1 1 1 1
1 6 260 89 59
5 6 1 4 1
1 167 232 0 50
71 88 88 88 81
80 90 310 50 232
232 232 232 103 82
82 18 18 105 18
111 105 76 18 82
103 99 82 76 76
99 99 82 0 82
99 82 82 103 76
103 282 282 282 76
76 76 6 6 6
1 1 1 311 18
210 74 103 105 18
103 210 74 103 103
18 239 239 239 0
239 74 74 239 0
69 69 236 69 69
18 18 18 18 18
18 18 18 311 311
103 111 89 3 18
58 58 58 58 53
53 1 53 53 53
113 1 74 220 6
1 53 1 113 1
113 1 1 53 113
114 1 1 1 1
42 53 1 53 53
0 11 1 42 1
53 6 6 11 6
74 88 18 88 88
69 88 74 88 69
69 69 18 74 88
88 88 88 74 74
74 74 69 69 69
69 69 69 18 105
74 74 69 74 74
74 18 18 18 286
162 162 179 268 205
286 192 162 238 241
242 205 286 205 205
205 238 238 241 207
162 172 87 213 100
179 179 179 179 179
179 179 286 286 150
91 150 150 205 176
213 179 104 95 183
208 183 18 95 95
95 95 72 72 72
97 113 113 113 1
1 1 53 53 53
53 111 48 74 74
74 1 42 1 1
53 53 53 1 1
42 42 53 53 6
229 100 196 83 93
312 103 179 76 134
245 84 93 69 196
91 99 81 103 103
76 18 16 34 99
19 81 103 18 282
103 99 255 18 103
255 103 103 281 103
18 282 282 103 16
103 281 281 281 103
0 103 281 103 103
103 18 99 255 255
255 103 103 15 125
257 215 215 15 15
15 255 76 25 110
16 32 34 1 34
1 255 167 18 103
103 103 103 255 281
103 255 18 16 255
181 18 18 48 152
69 103 255 255 108
255 108 255 103 255
108 255 255 255 103
82 255 255 255 255
82 82 82 103 282
282 16 16 16 76
16 82 282 255 255
103 255 68 103 255
99 103 327 103 82
99 18 18 82 82
103 313 13 72 103
18 103 18 18 282
103 18 103 103 71
103 71 255 255 255
108 69 0 103 16
76 103 16 108 16
76 18 76 103 103
202 99 108 202 202
202 202 99 99 99
99 103 103 103 76
103 282 16 76 103
16 16 13 103 255
16 103 99 311 18
75 75 255 255 18
16 16 16 16 103
103 103 103 76 287
220 18 18 0 179
82 69 69 220 74
69 103 103 18 74
18 18 103 18 18
18 311 76 16 16
103 18 255 255 255
313 255 103 103 103
103 103 103 88 245
117 93 100 117 163
110 110 110 110 110
110 110 110 110 110
110 110 110 110 110
110 6 6 1 1
53 53 6 6 6
42 1 42 1 42
42 42 42 42 42
1 1 42 42 1
53 42 42 42 42
42 42 42 113 42
53 42 42 42 113
113 113 1 1 42
53 42 6 5 53
1 1 1 1 1
1 1 1 1 1
1 1 0 1 0
1 1 1 1 1
1 13 32 0 201
254 152 92 32 15
30 30 25 25 117
152 152 152 0 20
20 117 30 15 139
25 13 31 13 1
1 1 16 119 81
22 16 16 89 18
16 125 47 16 0
89 81 81 103 108
89 32 47 233 194
99 68 151 151 154
18 18 119 72 103
16 81 81 89 69
166 47 47 215 16
215 215 215 99 22
22 22 18 18 234
68 18 256 16 13
194 187 187 154 286
18 149 16 16 47
32 18 193 15 146
103 146 146 146 16
1 1 1 1 1
34 1 1 1 1
1 1 43 34 34
108 68 139 83 16
38 18 88 220 217
0 16 68 47 218
139 15 83 15 216
15 18 18 18 18
108 40 285 29 285
25 150 280 87 87
78 242 274 150 34
1 1 52 1 1
1 1 1 1 1
1 1 1 1 1
1 1 1 1 52
18 150 89 16 19
20 158 31 158 289
19 151 203 15 16
15 12 12 12 21
100 204 171 0 13
13 89 13 1 1
1 83 88 37 156
286 89 235 88 82
149 15 171 136 162
15 1 1 6 6
5 68 47 18 199
154 32 109 83 68
32 156 68 20 235
13 15 249 18 83
129 34 94 158 83
1 1 1 6 58
6 6 55 6 58
58 58 53 53 53
53 1 1 1 1
1 6 0 110 20
20 110 1 1 42
66 1 1 1 1
1 1 1 1 5
5 58 11 5 9
3 11 5 11 1
6 5 11 1 7
6 1 6 6 1
6 6 6 56 11
5 6 5 6 6
11 11 11 6 6
5 58 58 6 6
3 6 6 5 5
3 11 11 24 109
118 118 16 16 32
137 110 117 15 119
110 27 68 68 109
32 16 16 156 156
156 16 16 15 15
20 24 37 20 154
20 15 15 15 154
109 109 109 81 47
47 68 81 137 110
110 119 119 47 15
44 44 68 83 15
83 68 68 68 68
25 25 25 25 13
31 27 139 186 186
118 199 123 1 42
42 123 1 1 1
1 1 1 1 1
1 42 42 42 42
42 1 1 1 1
34 34 1 1 1
113 113 34 1 1
121 6 10 6 72
15 204 87 195 87
89 32 17 18 89
13 89 100 24 15
19 87 37 314 152
103 13 13 13 15
15 314 15 93 93
38 16 18 32 18
20 18 16 18 83
68 68 68 15 184
83 18 314 234 78
203 18 13 139 31
15 212 212 83 139
18 177 118 233 34
1 42 1 1 42
42 1 1 1 34
42 1 1 20 1
68 15 68 32 39
40 194 52 1 141
51 52 1 1 6
6 14 74 18 222
150 156 315 72 292
15 31 150 68 16
17 27 16 25 86
15 69 93 19 156
16 316 18 18 199
74 74 34 18 15
132 15 16 161 16
32 46 74 74 0
47 0 15 161 14
20 81 81 31 75
32 74 74 0 147
147 21 83 83 264
93 93 93 100 100
100 150 18 16 154
83 18 25 25 25
25 15 15 15 27
78 89 15 37 193
187 18 16 16 156
16 16 16 16 16
100 100 158 0 15
87 0 87 15 74
89 207 88 68 13
13 20 20 20 68
68 73 47 73 68
99 18 103 117 146
19 49 41 41 74
15 91 134 134 15
20 15 15 15 117
139 88 0 133 15
15 13 86 86 93
100 69 0 13 217
0 13 0 291 40
18 40 69 138 171
278 79 260 15 18
69 16 16 146 18
15 152 152 47 79
28 154 19 317 89
68 68 69 1 42
1 1 65 34 65
42 43 1 1 1
1 1 1 1 214
42 53 1 52 1
1 1 1 1 1
43 1 1 52 51
1 1 42 1 1
42 65 1 1 42
1 52 67 1 52
1 1 1 1 1
51 34 1 1 1
1 1 1 1 1
1 42 1 1 1
1 52 42 1 1
1 1 141 42 1
1 52 34 1 1
1 1 1 1 1
51 42 1 1 122
1 51 1 1 1
1 1 1 1 1
20 42 1 1 1
1 1 0 59 59
1 59 11 6 6
6 5 6 6 9
9 7 6 6 6
6 11 6 5 6
58 6 5 6 6
5 7 6 6 6
4 6 10 58 6
58 6 6 11 8
1 6 6 5 6
6 6 6 3 58
58 6 6 6 58
10 6 6 1 11
6 3 6 18 103
15 119 119 218 218
40 13 32 37 15
215 16 30 203 83
119 215 215 151 15
15 15 15 146 68
68 83 68 17 68
18 219 290 290 139
167 152 40 32 110
110 110 16 13 119
16 1 1 1 1
1 1 42 52 1
52 1 1 1 1
51 52 52 1 67
1 1 130 1 1
1 53 1 1 1
1 1 1 1 52
1 1 53 42 1
42 34 1 34 1
1 130 1 52 1
52 52 51 1 1
1 52 1 1 1
42 34 52 1 1
1 1 1 1 1
52 51 1 1 52
1 1 1 1 1
52 1 42 42 1
1 1 1 1 1
1 65 65 65 1
1 1 1 34 65
1 1 52 1 1
1 42 1 67 1
1 34 34 34 34
34 34 1 1 34
1 1 42 1 1
1 1 53 53 42
1 1 42 1 1
1 16 16 89 89
15 16 74 316 89
68 310 15 16 108
68 210 310 315 315
86 74 89 183 89
1 220 16 261 0
167 206 68 81 47
283 29 215 72 108
81 0 0 173 16
318 68 21 205 69
16 18 220 162 179
83 68 205 18 125
13 94 18 18 72
18 68 297 150 320
196 203 150 100 196
78 215 103 83 18
89 81 158 16 16
16 16 16 16 18
16 18 68 16 16
16 215 318 81 0
81 69 151 91 215
16 134 18 68 215
215 146 47 146 89
91 91 91 264 154
150 150 150 150 158
158 215 18 18 103
256 154 154 154 154
187 154 158 100 154
158 68 216 72 108
108 108 81 68 83
274 151 151 81 38
134 38 38 38 319
29 175 103 18 255
18 103 103 219 16
81 181 211 0 81
240 21 18 95 260
198 119 119 197 172
100 100 100 100 274
261 261 274 277 261
171 271 84 267 78
18 283 68 318 284
320 320 260 320 228
79 228 171 16 16
16 16 18 98 203
29 197 103 89 211
16 119 93 194 158
196 269 295 194 103
244 0 89 69 103
0 100 179 69 157
179 205 83 263 150
16 171 103 16 282
32 16 16 16 16
215 16 282 103 103
103 0 259 18 19
134 267 134 161 87
29 100 103 103 103
103 93 93 93 160
103 103 179 0 179
179 179 179 100 0
174 150 91 150 158
158 220 91 17 16
0 103 18 83 83
151 83 83 151 270
269 0 0 200 0
0 321 102 102 81
81 286 13 171 78
171 260 320 205 266
266 268 266 268 119
16 256 154 0 103
16 16 18 16 48
16 16 69 103 16
16 187 82 220 15
152 125 68 103 18
77 218 18 69 220
69 69 69 74 18
18 18 167 125 167
180 215 69 83 74
103 119 110 152 37
72 77 77 0 49
49 22 16 16 16
215 1 42 42 42
1 53 15 1 1
1 322 1 1 322
322 1 1 1 1
322 1 1 322 1
1 1 1 1 69
69 323 83 17 323
286 220 69 69 69
69 69 69 167 88
82 324 18 125 167
18 167 47 16 83
18 173 125 69 286
204 69 167 147 0
22 102 22 164 69
22 75 18 103 125
13 108 69 89 89
158 69 69 69 16
16 18 18 18 103
18 18 69 69 74
74 47 47 68 68
287 83 287 83 83
177 74 74 74 74
204 74 263 68 204
108 108 13 22 260
238 74 0 83 91
40 16 193 16 40
81 18 19 81 179
81 81 16 18 32
21 13 13 39 15
119 13 68 68 68
151 110 118 47 15
193 139 18 148 18
16 148 1 1 34
1 34 1 43 1
1 1 1 18 150
190 16 13 18 16
18 18 18 15 89
0 32 150 246 103
156 18 18 18 18
174 16 22 22 237
203 187 215 18 68
89 40 13 100 100
154 0 83 91 91
91 18 18 68 150
89 103 18 18 103
16 282 16 93 100
93 150 100 213 17
83 83 28 18 215
193 215 215 16 16
16 32 1 1 0
44 48 49 89 108
18 97 97 73 69
316 108 24 24 88
88 88 88 88 88
69 69 69 69 74
105 293 105 18 111
89 89 89 111 111
149 71 1 42 42
59 59 13 15 16
13 119 25 14 16
185 260 150 29 23
15 134 260 316 68
151 18 18 18 0
40 18 326 19 19
119 20 30 146 13
74 68 15 68 68
240 18 18 190 68
68 150 150 13 185
312 312 150 40 148
103 13 13 263 22
32 146 22 13 1
1 1 42 1 1
1 1 52 34 1
1 1 1 1 1
1 1 1 1 1
69 74 69 69 48
179 195 119 69 69
69 15 69 165 74
18 324 16 18 89
89 69 94 69 69
74 74 74 74 48
48 48 169 152 125
76 83 150 154 257
179 69 69 173 173
18 22 161 44 44
18 13 83 16 16
18 18 1 1 1
53 53 42 1 1
15 16 15 325 81
103 151 88 235 81
81 18 230 90 150
103 18 99 100 286
18 179 0 151 287
0 150 282 103 239
69 81 88 314 100
152 195 310 0 232
15 31 154 229 47
47 47 0 47 111
81 47 69 89 111
41 41 74 89 89
89 48 0 69 151
74 69 68 0 119
47 47 47 47 151
18 69 20 0 20
149 257 93 82 150
211 163 83 205 78
156 82 197 156 131
260 260 107 107 150
150 264 207 286 82
222 222 93 93 93
150 83 255 255 82
82 82 82 18 149
149 48 13 16 16
186 305 158 246 135
100 135 38 29 326
78 38 211 19 107
16 84 0 269 109
131 257 50 92 327
108 18 18 18 18
210 76 327 99 18
108 108 108 108 108
50 50 16 15 158
154 158 154 264 158
15 15 328 92 70
16 90 108 108 108
40 27 16 16 154
40 16 25 13 16
72 15 40 29 0
32 68 81 0 36
0 134 134 81 47
235 195 88 74 15
15 16 109 52 18
16 72 72 15 110
110 110 16 16 58
329 246 152 319 183
319 295 292 100 100
18 164 161 100 18
89 19 18 150 317
317 158 172 91 100
19 134 196 83 83
96 96 0 161 150
102 154 89 0 295
298 308 268 16 18
18 186 186 16 16
68 68 68 0 0
13 154 68 146 146
68 68 74 69 68
69 68 72 72 68
111 81 0 76 72
0 160 160 189 81
49 74 0 69 47
170 69 48 48 48
48 76 76 48 68
69 18 18 18 74
85 108 108 76 81
69 0 13 76 125
76 172 0 74 287
179 24 69 69 69
74 74 111 72 69
69 24 82 72 250
0 0 0 301 131
32 13 13 49 183
89 49 74 49 69
82 279 210 0 210
74 74 210 210 69
74 49 46 32 47
47 69 279 13 32
47 111 111 149 16
110 154 91 0 16
25 231 252 6 6
48 199 75 199 165
48 48 195 69 69
69 49 86 81 48
69 183 183 111 111
88 183 48 111 111
118 158 274 274 154
83 84 29 0 29
205 171 171 288 94
18 154 94 0 164
29 118 93 158 15
18 15 29 171 278
0 161 161 171 264
264 150 150 91 91
74 287 17 83 83
83 205 29 134 84
158 0 282 174 315
300 93 158 29 100
261 100 274 100 171
315 102 274 175 158
94 94 94 158 158
158 158 159 100 93
100 100 100 29 100
175 29 29 175 175
175 175 175 171 171
171 171 171 171 261
274 261 274 274 261
261 94 261 261 261
0 91 264 264 158
48 73 29 158 134
38 38 29 29 299
29 29 29 29 100
100 111 89 260 89
260 89 164 164 158
154 154 305 305 304
99 99 99 255 255
255 255 255 255 82
18 304 281 103 82
281 103 82 103 281
103 103 281 82 82
82 69 103 103 82
304 282 103 16 16
103 16 18 18 16
16 18 16 18 18
149 149 149 149 149
103 103 103 16 16
282 69 88 88 101
279 279 279 69 69
69 48 48 48 48
48 48 18 76 76
76 108 83 150 75
32 16 146 22 202
190 69 148 271 69
38 13 148 213 171
0 190 18 212 100
22 0 83 83 83
330 240 93 258 179
13 76 76 76 111
181 181 238 100 100
18 271 271 40 154
195 18 148 148 16
260 238 233 179 213
239 74 156 18 173
150 83 74 239 88
162 162 213 213 213
179 179 220 74 22
22 125 125 254 22
75 31 22 22 85
132 132 252 0 0
86 85 237 237 289
86 264 213 213 100
87 150 85 171 300
310 84 84 289 211
93 93 93 69 18
18 82 69 194 194
69 69 69 69 69
18 0 324 324 324
93 100 15 16 255
16 18 18 92 18
255 108 310 310 69
125 69 69 103 68
32 68 21 21 21
0 68 151 18 255
99 255 89 194 18
18 18 279 18 82
82 16 106 106 81
232 216 229 210 0
69 48 48 29 150
93 100 78 53 42
1 53 53 113 1
53 42 42 42 42
113 113 113 42 42
53 53 1 1 42
42 1 1 1 1
1 42 1 69 42
42 42 1 42 42
42 42 42 1 1
42 42 116 1 42
1 42 53 42 42
1 1 42 42 53
1 1 113 1 42
1 42 42 42 42
1 42 1 113 0
103 103 103 74 89
89 303 69 74 154
69 228 75 75 183
0 86 74 74 74
89 82 260 303 47
47 155 132 0 0
279 210 16 210 183
183 210 183 210 183
16 181 181 202 202
281 202 282 202 103
103 103 103 282 282
282 282 282 16 16
202 202 202 103 108
108 103 103 103 103
103 103 82 108 108
202 29 264 196 102
29 264 29 100 146
76 82 48 48 48
293 69 69 69 82
69 76 48 48 111
279 82 111 111 69
82 82 111 279 69
48 69 111 82 82
76 76 279 82 69
69 76 279 279 48
48 48 48 69 69
76 82 82 76 48
82 69 111 279 82
82 76 76 82 76
69 69 16 16 293
105 18 105 18 16
16 16 282 282 103
103 103 293 69 76
69 69 48 0 69
48 48 48 48 69
48 76 69 48 69
69 69 74 74 74
69 48 48 69 69
69 69 48 69 69
69 82 82 111 69
69 69 69 279 69
76 69 111 82 69
76 82 82 82 76
69 69 69 76 69
111 111 149 149 111
149 76 48 48 77
82 48 48 48 48
69 279 76 69 118
254 15 0 106 132
74 81 208 86 183
149 149 149 149 149
0 261 29 260 69
74 220 220 287 220
48 105 69 74 74
74 69 74 16 16
16 16 16 16 18
325 325 48 111 111
105 105 105 48 69
236 69 324 166 255
47 254 87 47 81
48 69 0 69 210
210 210 279 111 279
111 111 111 88 208
89 108 88 108 6
48 69 48 48 48
48 48 69 48 69
69 69 48 48 76
76 48 76 76 76
304 202 202 255 103
16 16 282 18 16
16 282 16 282 261
76 48 279 0 279
69 69 69 69 69
76 76 48 18 48
103 76 69 76 76
279 0 69 69 69
111 149 293 76 209
149 16 16 16 16
281 108 108 255 255
255 255 103 167 103
103 103 16 16 282
82 99 82 99 99
76 282 282 76 82
82 69 82 69 69
282 82 16 16 16
16 282 48 48 69
69 16 16 48 48
48 69 166 324 324
0 18 282 0 72
24 232 282 16 16
16 82 82 255 282
103 103 103 103 196
103 103 103 103 313
103 103 103 255 255
103 255 103 1 255
255 255 255 313 255
1 110 110 202 103
103 103 281 210 210
210 210 103 73 98
69 98 103 103 108
108 103 108 108 103
73 73 103 108 108
108 108 108 108 108
18 18 99 18 18
155 108 108 50 104
104 46 70 294 119
294 0 50 0 168
1 5 6 6 60
42 58 6 6 42
1 1 6 110 1
1 69 2 93 105
149 149 105 111 111
111 279 111 279 242
242 42 1 18 99
265 255 313 76 99
103 16 0 99 15
16 30 30 54 255
100 48 16 215 1
0 134
