1 2 2 3 4
2 5 5 5 5
5 1 6 7 7
3 3 8 9 9
10 10 10 11 11
5 3 3 5 5
5 5 5 5 5
5 5 5 5 8
2 2 3 12 9
9 3 1 4 4
3 0 1 9 13
2 14 14 14 14
1 3 11 11 9
5 2 2 2 2
1 2 2 5 4
4 4 4 1 1
1 1 1 1 1
13 12 12 13 11
2 2 2 13 13
15 15 9 9 5
5 5 5 1 1
1 1 1 1 1
1 1 1 1 1
1 1 4 2 15
15 3 15 15 5
3 2 2 3 15
15 15 2 0 10
10 10 9 12 13
13 13 13 13 13
5 4 3 3 2
2 6 6 6 4
4 4 4 1 1
1 1 1 1 1
2 4 9 3 3
3 10 10 10 10
7 2 13 2 0
16 2 17 17 18
3 3 3 3 5
3 3 16 3 3
19 19 16 16 14
14 14 14 0 20
3 3 3 16 0
3 4 4 3 4
5 4 3 5 3
5 5 2 2 2
2 21 21 3 3
18 18 14 16 14
16 14 14 14 14
14 14 14 14 14
14 3 22 0 16
16 5 5 5 5
2 2 3 19 19
12 12 12 9 14
8 8 8 2 2
20 3 3 2 2
2 2 2 2 3
14 5 13 14 3
20 2 2 14 3
2 3 2 2 2
2 2 2 2 2
7 3 7 7 9
9 7 7 9 9
3 9 5 5 9
16 9 9 22 22
3 3 11 11 11
3 3 11 0 11
13 2 2 2 2
12 12 2 2 5
3 4 3 3 3
3 3 3 3 3
3 5 5 5 3
3 3 3 18 5
5 5 11 3 3
3 2 2 13 10
14 3 3 14 9
9 9 3 4 21
5 5 5 5 5
5 3 3 3 3
9 2 2 3 3
15 15 5 5 5
2 8 3 10 10
2 2 2 15 15
5 5 1 10 10
4 4 5 2 2
5 5 5 5 5
5 5 6 2 1
2 11 1 1 1
1 1 1 3 3
1 2 1 1 1
3 15 1 1 5
1 1 14 14 5
3 1 15 9 9
13 12 0 5 5
2 3 2 3 11
3 11 3 11 5
11 18 3 5 1
1 1 1 1 1
1 4 3 2 5
14 23 23 24 24
25 25 25 14 23
0 0 0 0 0
