Synapse Counts: 
[(1, 108), (2, 63), (3, 51), (4, 31), (5, 22), (6, 24),
(7, 24), (8, 19), (9, 16), (10, 14), (11, 11), (12, 12),
(13, 17), (14, 10), (15, 13), (16, 8), (17, 9), (18, 4),
(19, 9), (20, 11), (21, 9), (22, 8), (23, 8), (24, 8),
(25, 5), (26, 7), (27, 3), (28, 1), (29, 4), (30, 4), 
(31, 4), (32, 4), (33, 5), (34, 4), (35, 1), (36, 6), 
(37, 3), (38, 4), (39, 6), (40, 4), (41, 5), (42, 5), 
(43, 5), (44, 3), (45, 6), (46, 8), (47, 4), (48, 3), 
(49, 5), (50, 3), (51, 6), (52, 3), (53, 2), (54, 1), 
(55, 1), (56, 3), (57, 1), (58, 2), (59, 1), (60, 5), 
(62, 2), (63, 2), (64, 1), (65, 3), (66, 2), (68, 1), 
(71, 2), (72, 1), (74, 2), (75, 1), (78, 1), (79, 1), 
(81, 1), (82, 1), (83, 1), (85, 1), (91, 1), (93, 1), 
(99, 1), (100, 1), (107, 1), (108, 2), (118, 1), 
(124, 1), (125, 1), (135, 1), (148, 1), (162, 2), 
(170, 1), (172, 1), (181, 1), (191, 1), (194, 1), 
(209, 1), (240, 1), (243, 1), (257, 1), (297, 1), 
(340, 1), (358, 1)]